"94df17f4430297f396ede98e41713165e8c5e73b"
"7307f5a06bab76ff3a9f74631df28f5fe6e21291"
"eaa5cfcc9cf4627570519fc0e89ee90e03e56496"
"1dd345411c670e4efa5975f027c9ef5838f53ce3"
"ac5de1f88c63b00c227a14f2420d2cbbcbf64a7a"
"87e927a0e55135604a33209680fe5c11148f4fc5"
"43d8afcdd6303bc4f5092166ba1b40389e0c506a","CHANGE_SIGNATURE","{Method initialize(spammable, perform_spam_check) at app/services/user_agent_detail_service.rb:4}","{Method initialize(spammable, perform_spam_check, current_user) at app/services/user_agent_detail_service.rb:4}","4","5"
"fe01add9838fd926e325ddc7d4ff966d2f16853e","CHANGE_SIGNATURE","{Method valid_definition?(scope, definition, context, _container, _requested_search_type) at lib/search/scopes.rb:167}","{Method valid_definition?(scope, definition, context, _container, requested_search_type) at lib/search/scopes.rb:162}","8","11"
"98a66b65438faaa4e782da11309b505f05bc375f"
"0621070cb44a777c7d3a84e1843ff2ae8a6d6eba","CHANGE_SIGNATURE","{Method valid_definition?(scope, definition, context, _container, requested_search_type) at lib/search/scopes.rb:162}","{Method valid_definition?(scope, definition, context, _container, _requested_search_type) at lib/search/scopes.rb:167}","11","8"
"64557d4ff53ebecb8ab4c82f15cbf9b9d0a1cba6","CHANGE_SIGNATURE","{Method execute(log_duration) at app/services/merge_requests/reload_diffs_service.rb:12}","{Method execute() at app/services/merge_requests/reload_diffs_service.rb:12}","26","12"
"64557d4ff53ebecb8ab4c82f15cbf9b9d0a1cba6","CHANGE_SIGNATURE","{Method reload_diff(current_user, log_duration) at app/models/merge_request.rb:1428}","{Method reload_diff(current_user) at app/models/merge_request.rb:1428}","5","5"
"94b508292e95c7dddef5bd1e9c9e332a76b114f8"
"cfd9fc397014ae98b9d8fdb1b0810c294bf303f5"
"9100efec582ad226586ab51df8c796957646c660"
"a4629a0be19d4e2b7b5e4de936a0d6e9763c7cb3","CHANGE_SIGNATURE","{Method project_as_target?(original_value) at app/models/event.rb:529}","{Method project_as_target?(target_type) at app/models/event.rb:529}","7","6"
"a4629a0be19d4e2b7b5e4de936a0d6e9763c7cb3","CHANGE_SIGNATURE","{Method project_as_target?(original_value) at app/models/push_event.rb:119}","{Method project_as_target?(target_type) at app/models/push_event.rb:119}","5","5"
"a4629a0be19d4e2b7b5e4de936a0d6e9763c7cb3","EXTRACT_MOVE","{Method send_commit_update!(deadline) at app/models/cells/outstanding_lease.rb:26}","{Method commit_update(uuid, deadline) at lib/gitlab/topology_service_client/claim_service.rb:10}","8","7"
"a4629a0be19d4e2b7b5e4de936a0d6e9763c7cb3","EXTRACT_MOVE","{Method send_rollback_update!(deadline) at app/models/cells/outstanding_lease.rb:35}","{Method rollback_update(uuid, deadline) at lib/gitlab/topology_service_client/claim_service.rb:18}","10","7"
"a4629a0be19d4e2b7b5e4de936a0d6e9763c7cb3","RENAME","{Method has_attachments?(object) at lib/gitlab/github_import/importer/attachments/base_importer.rb:60}","{Method fetch_attachments(object) at lib/gitlab/github_import/importer/attachments/base_importer.rb:63}","6","6"
"9e26dfee605a7199d49ab0915b294c9384ba592e","EXTRACT","{Method metadata_model() at lib/gitlab/background_migration/move_ci_builds_metadata.rb:145}","{Method ci_model(table_name, primary_key) at lib/gitlab/background_migration/move_ci_builds_metadata.rb:535}","3","3"
"9e26dfee605a7199d49ab0915b294c9384ba592e","MOVE","{Method backfill_epics_dates(sub_batch) at lib/gitlab/background_migration/rerun_epic_dates_to_work_item_dates_sources_sync.rb:27}","{Method backfill_epics_dates(sub_batch) at lib/gitlab/background_migration/resync_epic_dates_to_work_items_dates_sources.rb:27}","8","8"
"9e26dfee605a7199d49ab0915b294c9384ba592e","EXTRACT","{Method definition_instance_model() at lib/gitlab/background_migration/move_ci_builds_metadata.rb:129}","{Method ci_model(table_name, primary_key) at lib/gitlab/background_migration/move_ci_builds_metadata.rb:535}","4","3"
"9e26dfee605a7199d49ab0915b294c9384ba592e","RENAME","{Method job_definition_instance_attrs(job, job_definition) at lib/gitlab/background_migration/move_ci_builds_metadata.rb:110}","{Method job_definition_instance_attrs_for(job, job_definition) at lib/gitlab/background_migration/move_ci_builds_metadata.rb:338}","8","8"
"9e26dfee605a7199d49ab0915b294c9384ba592e","EXTRACT","{Method definition_model() at lib/gitlab/background_migration/move_ci_builds_metadata.rb:125}","{Method ci_model(table_name, primary_key) at lib/gitlab/background_migration/move_ci_builds_metadata.rb:535}","3","3"
"9e26dfee605a7199d49ab0915b294c9384ba592e","RENAME","{Method load_tags_for(job_records) at lib/gitlab/background_migration/move_ci_builds_metadata.rb:198}","{Method tag_records() at lib/gitlab/background_migration/move_ci_builds_metadata.rb:220}","11","8"
"9e26dfee605a7199d49ab0915b294c9384ba592e","RENAME","{Method ensure_string_format(variables) at lib/gitlab/background_migration/move_ci_builds_metadata.rb:299}","{Method parsed_variables() at lib/gitlab/background_migration/move_ci_builds_metadata.rb:288}","8","8"
"9e26dfee605a7199d49ab0915b294c9384ba592e","MOVE","{Method build_work_items_dates_source(epics_batch) at lib/gitlab/background_migration/rerun_epic_dates_to_work_item_dates_sources_sync.rb:36}","{Method build_work_items_dates_source(epics_batch) at lib/gitlab/background_migration/resync_epic_dates_to_work_items_dates_sources.rb:36}","23","23"
"9e26dfee605a7199d49ab0915b294c9384ba592e","EXTRACT","{Method job_model() at lib/gitlab/background_migration/move_ci_builds_metadata.rb:138}","{Method ci_model(table_name, primary_key) at lib/gitlab/background_migration/move_ci_builds_metadata.rb:535}","6","3"
"9e26dfee605a7199d49ab0915b294c9384ba592e","EXTRACT","{Method job_artifact_model() at lib/gitlab/background_migration/move_ci_builds_metadata.rb:149}","{Method ci_model(table_name, primary_key) at lib/gitlab/background_migration/move_ci_builds_metadata.rb:535}","3","3"
"9e26dfee605a7199d49ab0915b294c9384ba592e","RENAME","{Method find_or_create_job_definition_from(job, metadata, tag_list, run_steps) at lib/gitlab/background_migration/move_ci_builds_metadata.rb:153}","{Method initialize_from(job) at lib/gitlab/background_migration/move_ci_builds_metadata.rb:490}","15","14"
"9e26dfee605a7199d49ab0915b294c9384ba592e","MOVE","{Method perform() at lib/gitlab/background_migration/rerun_epic_dates_to_work_item_dates_sources_sync.rb:19}","{Method perform() at lib/gitlab/background_migration/resync_epic_dates_to_work_items_dates_sources.rb:19}","5","5"
"9e26dfee605a7199d49ab0915b294c9384ba592e","EXTRACT","{Method job_taggings_model() at lib/gitlab/background_migration/move_ci_builds_metadata.rb:134}","{Method ci_model(table_name, primary_key) at lib/gitlab/background_migration/move_ci_builds_metadata.rb:535}","3","3"
"d93878d1a0354f9ad65a095c5f592c83e0487340","MOVE","{Method track_event(component) at lib/gitlab/ci/pipeline/chain/component_usage.rb:20}","{Method track_event(component, component_project, project, user) at app/workers/ci/catalog/resources/track_component_usage_worker.rb:42}","15","15"
"d93878d1a0354f9ad65a095c5f592c83e0487340","CHANGE_SIGNATURE","{Method user_theme_primary_color() at app/helpers/preferences_helper.rb:120}","{Method user_theme_primary_color(dark) at app/helpers/preferences_helper.rb:120}","3","5"
"87b312455119ab0125f2bd99cd5f8b3a207c78a6","MOVE_RENAME","{Method new_member(member) at app/services/notification_service.rb:513}","{Method send_access_granted_notification() at app/models/member.rb:713}","12","12"
"19da11cae17a68f35c51938385c1c61d4500f96d","CHANGE_SIGNATURE","{Method execute!(modified_files) at scripts/lint/check_deprecated_files.rb:36}","{Method execute!(files) at scripts/lint/check_deprecated_files.rb:42}","11","11"
"1e7127eb4b1336937afad24dd500009abc3c117d","MOVE","{Method feature_category() at lib/authz/permission.rb:42}","{Method feature_category() at lib/authz/concerns/yaml_permission.rb:77}","3","3"
"1e7127eb4b1336937afad24dd500009abc3c117d","MOVE","{Method resource() at lib/authz/permission.rb:31}","{Method resource() at lib/authz/concerns/yaml_permission.rb:70}","6","6"
"1e7127eb4b1336937afad24dd500009abc3c117d","MOVE","{Method action() at lib/authz/permission.rb:24}","{Method action() at lib/authz/concerns/yaml_permission.rb:63}","6","6"
"1e7127eb4b1336937afad24dd500009abc3c117d","MOVE","{Method permissions() at lib/authz/permission_group.rb:15}","{Method permissions() at lib/authz/permission_groups/assignable.rb:30}","3","3"
"1e7127eb4b1336937afad24dd500009abc3c117d","MOVE","{Method boundaries() at lib/authz/permission.rb:38}","{Method boundaries() at lib/authz/concerns/yaml_permission.rb:81}","3","3"
"6b3a2355c9b3df89444c85964e9b6a298cfbd30f","MOVE","{Method add_comment_to_review(text) at qa/qa/page/component/note.rb:173}","{Method add_comment_to_review(text) at qa/qa/page/merge_request/show.rb:200}","5","5"
"6b3a2355c9b3df89444c85964e9b6a298cfbd30f","CHANGE_SIGNATURE","{Method initialize(diff_file, additional_menu_items) at app/components/rapid_diffs/diff_file_header_component.rb:8}","{Method initialize(diff_file, additional_menu_items, environment) at app/components/rapid_diffs/diff_file_header_component.rb:8}","4","5"
"6b3a2355c9b3df89444c85964e9b6a298cfbd30f","MOVE","{Method has_comment_author?(author_username) at qa/qa/page/component/note.rb:108}","{Method has_comment_author?(author_username) at qa/qa/page/merge_request/show.rb:182}","5","5"
"6b3a2355c9b3df89444c85964e9b6a298cfbd30f","CHANGE_SIGNATURE","{Method initialize(diff_file, parallel_view) at app/components/rapid_diffs/diff_file_component.rb:10}","{Method initialize(diff_file, parallel_view, environment) at app/components/rapid_diffs/diff_file_component.rb:10}","4","5"
"6b3a2355c9b3df89444c85964e9b6a298cfbd30f","CHANGE_SIGNATURE","{Method initialize(subject, diff_view, diff_options, request_params, current_user) at app/presenters/rapid_diffs/commit_presenter.rb:9}","{Method initialize(subject, diff_view, diff_options, request_params, current_user, environment) at app/presenters/rapid_diffs/commit_presenter.rb:9}","4","4"
"6b3a2355c9b3df89444c85964e9b6a298cfbd30f","MOVE","{Method resolve_discussion_at_index(index) at qa/qa/page/component/note.rb:128}","{Method resolve_discussion_at_index(index) at qa/qa/page/merge_request/show.rb:188}","5","5"
"6b3a2355c9b3df89444c85964e9b6a298cfbd30f","MOVE","{Method has_comment?(comment_text, wait) at qa/qa/page/component/note.rb:100}","{Method has_comment?(comment_text, wait) at qa/qa/page/merge_request/show.rb:174}","7","7"
"6b3a2355c9b3df89444c85964e9b6a298cfbd30f","CHANGE_SIGNATURE","{Method initialize(subject, diff_view, diff_options, request_params) at app/presenters/rapid_diffs/base_presenter.rb:5}","{Method initialize(subject, diff_view, diff_options, request_params, environment) at app/presenters/rapid_diffs/base_presenter.rb:5}","6","7"
"6b3a2355c9b3df89444c85964e9b6a298cfbd30f","MOVE","{Method start_review_with_comment(text) at qa/qa/page/component/note.rb:167}","{Method start_review_with_comment(text) at qa/qa/page/merge_request/show.rb:194}","5","5"
"4e17904d127824a9772adbe7e1878829d9e11a99","MOVE","{Method localized_error_messages() at app/services/organizations/groups/transfer_validator.rb:51}","{Method localized_error_messages() at app/services/organizations/groups/transfer_service.rb:144}","7","9"
"4e17904d127824a9772adbe7e1878829d9e11a99","CHANGE_SIGNATURE","{Method raw_participants(current_user) at app/models/concerns/participable.rb:80}","{Method raw_participants(current_user, verify_access) at app/models/concerns/participable.rb:94}","41","42"
"4e17904d127824a9772adbe7e1878829d9e11a99","MOVE","{Method group_is_root?() at app/services/organizations/groups/transfer_validator.rb:36}","{Method group_is_root?() at app/services/organizations/groups/transfer_service.rb:123}","3","3"
"4e17904d127824a9772adbe7e1878829d9e11a99","MOVE","{Method has_permission?() at app/services/organizations/groups/transfer_validator.rb:44}","{Method has_permission?() at app/services/organizations/groups/transfer_service.rb:131}","6","6"
"4e17904d127824a9772adbe7e1878829d9e11a99","CHANGE_SIGNATURE","{Method get_for_ref(ref, job_name) at spec/requests/api/ci/job_artifacts_spec.rb:507}","{Method get_for_ref(ref, job_name, search_recent_successful_pipelines) at spec/requests/api/ci/job_artifacts_spec.rb:507}","3","5"
"8dd97285640054d1124e521be169f5563599c52e","CHANGE_SIGNATURE","{Method server_streaming(request, method) at lib/gitlab/topology_service_client/metrics_interceptor.rb:43}","{Method server_streaming(request, call, method, metadata) at lib/gitlab/topology_service_client/metrics_interceptor.rb:43}","51","51"
"8dd97285640054d1124e521be169f5563599c52e","CHANGE_SIGNATURE","{Method user_merge_branch(user, source_sha, target_branch, message, target_sha) at lib/gitlab/gitaly_client/operation_service.rb:168}","{Method user_merge_branch(user, source_sha, target_branch, message, target_sha, sign) at lib/gitlab/gitaly_client/operation_service.rb:168}","57","58"
"8dd97285640054d1124e521be169f5563599c52e","CHANGE_SIGNATURE","{Method request_response(request, method) at lib/gitlab/topology_service_client/metrics_interceptor.rb:14}","{Method request_response(request, call, method, metadata) at lib/gitlab/topology_service_client/metrics_interceptor.rb:14}","9","9"
"8dd97285640054d1124e521be169f5563599c52e","CHANGE_SIGNATURE","{Method merge(user, source_sha, target_branch, message, target_sha, &block) at lib/gitlab/git/repository.rb:689}","{Method merge(user, source_sha, target_branch, message, target_sha, sign, &block) at lib/gitlab/git/repository.rb:689}","10","11"
"8dd97285640054d1124e521be169f5563599c52e","CHANGE_SIGNATURE","{Method bidi_streamer(requests, method) at lib/gitlab/topology_service_client/metrics_interceptor.rb:96}","{Method bidi_streamer(requests, call, method, metadata) at lib/gitlab/topology_service_client/metrics_interceptor.rb:96}","59","59"
"8dd97285640054d1124e521be169f5563599c52e","CHANGE_SIGNATURE","{Method client_streaming(requests, method) at lib/gitlab/topology_service_client/metrics_interceptor.rb:25}","{Method client_streaming(requests, call, method, metadata) at lib/gitlab/topology_service_client/metrics_interceptor.rb:25}","16","16"
"9447fed8ec04a9803412a1151f76999698c5eb11","CHANGE_SIGNATURE","{Method go(extra_params) at spec/controllers/projects/merge_requests/diffs_controller_spec.rb:569}","{Method go(extra_params, format) at spec/controllers/projects/merge_requests/diffs_controller_spec.rb:153}","12","10"
"9447fed8ec04a9803412a1151f76999698c5eb11","CHANGE_SIGNATURE","{Method initialize(line, line_id, position, border) at app/components/rapid_diffs/viewers/text/line_number_component.rb:7}","{Method initialize(line, line_id, position) at app/components/rapid_diffs/viewers/text/line_number_component.rb:7}","6","5"
"a1af17e0322bb442431146b973a3e23bb1b34409","EXTRACT","{Method execute(packages_class, name) at app/services/packages/create_temporary_package_service.rb:7}","{Method version() at app/services/packages/create_temporary_package_service.rb:18}","8","3"
"a1af17e0322bb442431146b973a3e23bb1b34409","CHANGE_SIGNATURE","{Method temp_file(package_tmp, content) at spec/support/helpers/packages_manager_api_spec_helpers.rb:63}","{Method temp_file(package_tmp, **kwargs) at spec/support/helpers/packages_manager_api_spec_helpers.rb:63}","9","9"
"a1af17e0322bb442431146b973a3e23bb1b34409","RENAME","{Method truncated_status_message(exception) at app/workers/concerns/packages/error_handling.rb:45}","{Method build_status_message(exception) at app/workers/concerns/packages/error_handling.rb:52}","8","6"
"58d4338afd1eb6026d5228691e46ba0f32a03a56"
"2f06df9be211d00e4682e6dedfcf32393483709d"
"a23f7829b8fa80141b61dd981ec73261e9826564"
"261b372846b1dcb1a9bc0e0b4968055fd8ecce84"
"8fafa2d3eaf311f4fd02619289b071b90018e0a9","CHANGE_SIGNATURE","{Method initialize(current_user, source_hostname, portable_params) at app/services/import/offline/exports/create_service.rb:14}","{Method initialize(current_user, source_hostname, portable_params, storage_config) at app/services/import/offline/exports/create_service.rb:26}","5","6"
"18dd910cb140ea0f2557319814c5f9cdb670296e","INLINE","{Method unarchive() at app/models/namespace.rb:418}","{Method execute() at app/services/namespaces/groups/unarchive_service.rb:24}","5","9"
"18dd910cb140ea0f2557319814c5f9cdb670296e","MOVE","{Method run() at scripts/coverage/download_e2e_coverage_from_child_pipeline.rb:27}","{Method run() at scripts/coverage/child_pipeline_artifact_downloader.rb:32}","8","10"
"18dd910cb140ea0f2557319814c5f9cdb670296e","INLINE","{Method archive() at app/models/namespace.rb:412}","{Method execute() at app/services/namespaces/groups/archive_service.rb:24}","5","12"
"21b8d2acdf2b52fa071d9b9552290b40ffe0e96f"
"e49507262bbeaa0fbc9b8b9e4ad34fe126baf417"
"04759638101a03259f695092cd2de5add617e729"
"f86ae5c23b02fe3dbc4485e2ea063c69f9a150fc","MOVE","{Method dismiss_welcome_banner_if_present(page) at spec/support/helpers/stub_project_studio.rb:11}","{Method dismiss_welcome_banner_if_present(page) at spec/support/helpers/project_studio_helpers.rb:4}","12","12"
"659552907659d797247ba6858d175c5a52d3d302","EXTRACT","{Method resolve_with_lookahead(**args) at app/graphql/resolvers/users/personal_access_tokens_resolver.rb:46}","{Method filter_params(args) at app/graphql/resolvers/users/personal_access_tokens_resolver.rb:63}","13","11"
"3130b44c819f549501dd5f21f873429c6b29ccea"
"5371ed1ce87712fbcb8ff33a54fdf759b147d03b","EXTRACT","{Method finder_options() at app/controllers/concerns/work_items_collections.rb:36}","{Method context_specific_options() at app/controllers/concerns/work_items_collections.rb:94}","44","6"
"5371ed1ce87712fbcb8ff33a54fdf759b147d03b","CHANGE_SIGNATURE","{Method initialize(user_id, access_jwt, refresh_jwt) at lib/observability/o11y_token.rb:24}","{Method initialize(access_jwt, refresh_jwt) at lib/observability/o11y_token.rb:23}","5","4"
"5371ed1ce87712fbcb8ff33a54fdf759b147d03b","EXTRACT","{Method finder_options() at app/controllers/concerns/work_items_collections.rb:36}","{Method transform_custom_fields!() at app/controllers/concerns/work_items_collections.rb:129}","44","10"
"5371ed1ce87712fbcb8ff33a54fdf759b147d03b","CHANGE_SIGNATURE","{Method build_payload() at lib/observability/o11y_token.rb:82}","{Method build_payload(account_id) at lib/observability/o11y_token.rb:79}","6","7"
"5371ed1ce87712fbcb8ff33a54fdf759b147d03b","EXTRACT","{Method finder_options() at app/controllers/concerns/work_items_collections.rb:36}","{Method extract_iid_from_search!(options) at app/controllers/concerns/work_items_collections.rb:118}","44","6"
"5371ed1ce87712fbcb8ff33a54fdf759b147d03b","EXTRACT","{Method login_url() at lib/observability/o11y_token.rb:89}","{Method api_url() at lib/observability/o11y_token.rb:91}","3","3"
"5371ed1ce87712fbcb8ff33a54fdf759b147d03b","EXTRACT","{Method finder_options() at app/controllers/concerns/work_items_collections.rb:36}","{Method build_base_options() at app/controllers/concerns/work_items_collections.rb:80}","44","13"
"142d5de65e39d8b1cb737dee59b0541ca53694b9","MOVE","{Method namespace_id_from_noteable() at app/models/concerns/sent_notifications_shared.rb:148}","{Method namespace_id_from_noteable() at app/models/sent_notification.rb:176}","19","19"
"142d5de65e39d8b1cb737dee59b0541ca53694b9","MOVE","{Method reply_key() at app/models/concerns/sent_notifications_shared.rb:34}","{Method reply_key() at app/models/sent_notification.rb:59}","4","4"
"142d5de65e39d8b1cb737dee59b0541ca53694b9","MOVE","{Method reply_params() at app/models/concerns/sent_notifications_shared.rb:168}","{Method reply_params() at app/models/sent_notification.rb:196}","8","8"
"142d5de65e39d8b1cb737dee59b0541ca53694b9","MOVE","{Method note_valid() at app/models/concerns/sent_notifications_shared.rb:177}","{Method note_valid() at app/models/sent_notification.rb:205}","8","8"
"142d5de65e39d8b1cb737dee59b0541ca53694b9","MOVE","{Method for(reply_key) at app/models/concerns/sent_notifications_shared.rb:39}","{Method for(reply_key) at app/models/sent_notification.rb:64}","22","22"
"142d5de65e39d8b1cb737dee59b0541ca53694b9","MOVE","{Method create_reply(message, external_author, dryrun) at app/models/concerns/sent_notifications_shared.rb:123}","{Method create_reply(message, external_author, dryrun) at app/models/sent_notification.rb:148}","13","13"
"142d5de65e39d8b1cb737dee59b0541ca53694b9","MOVE","{Method record(noteable, recipient_id, attrs) at app/models/concerns/sent_notifications_shared.rb:62}","{Method record(noteable, recipient_id, attrs) at app/models/sent_notification.rb:87}","25","25"
"142d5de65e39d8b1cb737dee59b0541ca53694b9","MOVE","{Method to_param() at app/models/concerns/sent_notifications_shared.rb:119}","{Method to_param() at app/models/sent_notification.rb:144}","3","3"
"142d5de65e39d8b1cb737dee59b0541ca53694b9","MOVE","{Method ensure_sharding_key() at app/models/concerns/sent_notifications_shared.rb:144}","{Method ensure_sharding_key() at app/models/sent_notification.rb:172}","3","3"
"142d5de65e39d8b1cb737dee59b0541ca53694b9","MOVE","{Method for_snippet?() at app/models/concerns/sent_notifications_shared.rb:103}","{Method for_snippet?() at app/models/sent_notification.rb:128}","3","3"
"142d5de65e39d8b1cb737dee59b0541ca53694b9","MOVE","{Method record_note(note, recipient_id, attrs) at app/models/concerns/sent_notifications_shared.rb:88}","{Method record_note(note, recipient_id, attrs) at app/models/sent_notification.rb:113}","5","5"
"142d5de65e39d8b1cb737dee59b0541ca53694b9","MOVE","{Method noteable() at app/models/concerns/sent_notifications_shared.rb:107}","{Method noteable() at app/models/sent_notification.rb:132}","11","11"
"142d5de65e39d8b1cb737dee59b0541ca53694b9","MOVE","{Method for_commit?() at app/models/concerns/sent_notifications_shared.rb:99}","{Method for_commit?() at app/models/sent_notification.rb:124}","3","3"
"142d5de65e39d8b1cb737dee59b0541ca53694b9","MOVE","{Method unsubscribable?() at app/models/concerns/sent_notifications_shared.rb:95}","{Method unsubscribable?() at app/models/sent_notification.rb:120}","3","3"
"0079cb9344fbe3f4965e7062cd244f25313b3eee","MOVE","{Method source() at app/models/ci/build.rb:1285}","{Method source() at app/models/ci/processable.rb:350}","3","3"
"0079cb9344fbe3f4965e7062cd244f25313b3eee","EXTRACT_MOVE","{Method max_running_migrations() at app/workers/database/background_work_schedulable.rb:45}","{Method max_running_jobs() at app/workers/database/background_operation/base_orchestrator_worker.rb:55}","3","3"
"0079cb9344fbe3f4965e7062cd244f25313b3eee","EXTRACT_MOVE","{Method enabled?() at app/workers/database/background_work_schedulable.rb:10}","{Method scheduler_feature_flag_enabled?() at app/workers/database/batched_background_migration/single_database_worker.rb:13}","5","3"
"0079cb9344fbe3f4965e7062cd244f25313b3eee","EXTRACT_MOVE","{Method enabled?() at app/workers/database/background_work_schedulable.rb:10}","{Method scheduler_feature_flag_enabled?() at app/workers/database/background_operation/base_scheduler_worker.rb:14}","5","3"
"0079cb9344fbe3f4965e7062cd244f25313b3eee","EXTRACT","{Method show() at app/controllers/projects/commit_controller.rb:31}","{Method pagination_params() at app/controllers/projects/commit_controller.rb:183}","16","3"
"6df44709326ad694fce758cb673a721a9a35c441"
"87b93202f328974763705174f3911ac948809d5b"
"cd0ab8d65a6bc2d1b2bf75fd643eaabe1b71d715"
"739c3bdf33c9702ba86e4ba46a181be0a302de1d"
"81a59d6af00ff3712c1b4de5aff1cacb2f7914c6"
"da90267a17a305594decdb515b61d59636d5b480"
"6444f268f825939dc72b73f5a8e21168afc28cb5"
"e2a4329eac195492d2e55eae9e3e068afa2a5c41"
"1027eea609a2606535f4236c7ba2f78a805f660f"
"044a983f6f176bec50f8a70086fc78f1b9cc0d8b"
"1d676af2d6fd1018e1e62cb1c8df296e7cbafb2c"
"d5848a59994c6fb51e9b0d0df4d50896561deeed"
"5083c480f783c77371a7c305b2295f93a36dee34"
"56b7b8d0123a069876d2d9a9050af5b8be3d0298","EXTRACT","{Method execute() at app/services/webauthn/authenticate_service.rb:11}","{Method verify_webauthn(stored_webauthn_credential, webauthn_credential, challenge, encoder) at app/services/webauthn/authenticate_service.rb:67}","24","5"
"a970f62f8c8808f7bff144a8383f451647d65c0a","MOVE","{Method rate_limit_wait(get_result) at keeps/quarantine_flaky_tests.rb:201}","{Method rate_limit_wait(get_result) at keeps/helpers/gitlab_api_helper.rb:82}","12","12"
"a970f62f8c8808f7bff144a8383f451647d65c0a","MOVE","{Method next_page_url(url, http_response) at keeps/quarantine_flaky_tests.rb:189}","{Method next_page_url(url, http_response) at keeps/helpers/gitlab_api_helper.rb:70}","11","11"
"a970f62f8c8808f7bff144a8383f451647d65c0a","MOVE","{Method query_api(url) at keeps/quarantine_flaky_tests.rb:147}","{Method query_api(url) at keeps/helpers/gitlab_api_helper.rb:28}","22","22"
"a970f62f8c8808f7bff144a8383f451647d65c0a","MOVE","{Method get(url) at keeps/quarantine_flaky_tests.rb:170}","{Method get(url) at keeps/helpers/gitlab_api_helper.rb:51}","18","18"
"9a250442fa7aa37b07dc67c7fca813ece390893d"
"6b6dd4dc7f0720dc069e990babb647df0449db13","EXTRACT_MOVE","{Method health_context() at lib/gitlab/database/background_migration/batched_migration.rb:290}","{Method health_context_tables() at lib/gitlab/background_migration/batched_migration_job.rb:78}","7","3"
"ae611eaf6bb80091b437e2db53be8113b2cd803a"
"ec432f7591b5d9ef7a78b0989eb6dc91d546ba60","MOVE","{Method roles_user_can_assign(current_access_level, roles) at lib/authz/role.rb:5}","{Method roles_user_can_assign(current_user, roles) at app/models/concerns/authz/has_roles.rb:7}","7","8"
"422268c3b137a7759d84f556952c4700d559daa3"
"ea77071e80951fa55254ace34a504b8d8808e489","CHANGE_SIGNATURE","{Method reschedule_job(project, client, hash, notify_key) at app/workers/concerns/gitlab/github_import/rescheduling_methods.rb:49}","{Method reschedule_job(project, client, hash, notify_key, reset_in) at app/workers/concerns/gitlab/github_import/rescheduling_methods.rb:53}","12","13"
"56af4d04659455e23c409a697d4816fa0b6fcc17","CHANGE_SIGNATURE","{Method change_state(issuable) at app/services/issuable_base_service.rb:470}","{Method change_state(issuable, state_event) at app/services/issuable_base_service.rb:472}","12","12"
"56af4d04659455e23c409a697d4816fa0b6fcc17","MOVE","{Method reopen_service() at app/services/merge_requests/update_service.rb:70}","{Method reopen_service() at app/services/merge_requests/base_service.rb:345}","3","3"
"56af4d04659455e23c409a697d4816fa0b6fcc17","CHANGE_SIGNATURE","{Method change_state(merge_request) at app/services/merge_requests/update_service.rb:107}","{Method change_state(merge_request, state_event) at app/services/merge_requests/update_service.rb:99}","5","5"
"56af4d04659455e23c409a697d4816fa0b6fcc17","MOVE","{Method close_service() at app/services/merge_requests/update_service.rb:74}","{Method close_service() at app/services/merge_requests/base_service.rb:349}","3","3"
"56af4d04659455e23c409a697d4816fa0b6fcc17","CHANGE_SIGNATURE","{Method change_state(merge_request) at app/services/merge_requests/base_service.rb:335}","{Method change_state(merge_request, state_event) at app/services/merge_requests/base_service.rb:335}","10","9"
"553324f3aa2e429476e90d16ff084d05297799f9","MOVE","{Method note_namespace_id() at app/models/concerns/with_associated_note.rb:22}","{Method note_namespace_id() at app/models/concerns/notes/with_associated_note.rb:23}","3","3"
"553324f3aa2e429476e90d16ff084d05297799f9","MOVE","{Method ensure_namespace_id() at app/models/concerns/with_associated_note.rb:18}","{Method ensure_namespace_id() at app/models/concerns/notes/with_associated_note.rb:19}","3","3"
"553324f3aa2e429476e90d16ff084d05297799f9","MOVE","{Method skip_namespace_validation?() at app/models/concerns/with_associated_note.rb:14}","{Method skip_namespace_validation?() at app/models/concerns/notes/with_associated_note.rb:15}","3","3"
"7e5052093647d59d9cf2ef5ff4d54a3296032f3c","CHANGE_SIGNATURE","{Method create_log_entry() at lib/gitlab/ci/pipeline/chain/limit/rate_limit.rb:41}","{Method create_log_entry(throttled_keys) at lib/gitlab/ci/pipeline/chain/limit/rate_limit.rb:49}","12","12"
"7e5052093647d59d9cf2ef5ff4d54a3296032f3c","EXTRACT_MOVE","{Method base() at app/finders/packages/packages_finder.rb:45}","{Method package_type_to_class!(package_type) at app/models/packages/package.rb:155}","9","5"
"7e5052093647d59d9cf2ef5ff4d54a3296032f3c","EXTRACT_MOVE","{Method packages_class() at app/finders/packages/group_packages_finder.rb:92}","{Method package_type_to_class!(package_type) at app/models/packages/package.rb:155}","12","5"
"7466f61278345041fcf38f82e971b25b55383de4","MOVE","{Method consistent_hash(number, data) at gems/gitlab-active-context/lib/active_context/hash.rb:5}","{Method consistent_hash(number, data) at gems/gitlab-active-context/lib/active_context/hasher.rb:5}","4","4"
"428e07caff94041240dcf35667532de60891a343"
"90caf6b3260ebce0c02b5be572d33f5452557465"
"3d01215216a33279297b6981cadb8c3656d326ba"
"eb6d1eff9abb79fda84b27e89115046e9b45855d"
"8f9a716b3ed2182c8fb9256be080e83ead9a1b48","EXTRACT","{Method create() at app/controllers/oauth/dynamic_registrations_controller.rb:12}","{Method error_data(error_description) at app/controllers/oauth/dynamic_registrations_controller.rb:70}","50","6"
"8f9a716b3ed2182c8fb9256be080e83ead9a1b48","EXTRACT","{Method cache() at app/models/ci/build.rb:1018}","{Method apply_cache_protection_suffix(cache) at app/models/ci/build.rb:1342}","25","11"
"8f9a716b3ed2182c8fb9256be080e83ead9a1b48","CHANGE_SIGNATURE","{Method initialize(build, params, metrics) at app/services/ci/update_build_state_service.rb:15}","{Method initialize(build, params, metrics, logger) at app/services/ci/update_build_state_service.rb:15}","5","6"
"8f9a716b3ed2182c8fb9256be080e83ead9a1b48","RENAME","{Method log_oversize_response() at lib/gitlab/http_response_parser.rb:17}","{Method log_and_raise_oversize_response!() at lib/gitlab/http_response_parser.rb:20}","7","9"
"8f9a716b3ed2182c8fb9256be080e83ead9a1b48","EXTRACT","{Method cache() at app/models/ci/build.rb:1018}","{Method apply_jobs_cache_index(cache) at app/models/ci/build.rb:1331}","25","10"
"8f9a716b3ed2182c8fb9256be080e83ead9a1b48","EXTRACT","{Method validate_dynamic_fields(client_metadata) at app/controllers/oauth/dynamic_registrations_controller.rb:65}","{Method error_data(error_description) at app/controllers/oauth/dynamic_registrations_controller.rb:70}","8","6"
"8ecc60900d476860d6e3cfb3fdb339aa676cd701","EXTRACT","{Method tabs() at lib/search/navigation.rb:21}","{Method legacy_tabs() at lib/search/navigation.rb:67}","68","68"
"8ecc60900d476860d6e3cfb3fdb339aa676cd701","EXTRACT_MOVE","{Method tag_list() at app/models/ci/build.rb:882}","{Method tag_list() at app/models/ci/job_definition.rb:85}","7","5"
"8ecc60900d476860d6e3cfb3fdb339aa676cd701","CHANGE_SIGNATURE","{Method apply_headers(cursor_for_next_page) at lib/gitlab/pagination/keyset/cursor_based_request_context.rb:26}","{Method apply_headers(cursor_for_next_page, cursor_for_previous_page) at lib/gitlab/pagination/keyset/cursor_based_request_context.rb:26}","5","6"
"725e48cb1115fe7f0c9b5aff9c70e25a2383c493"
"7af85ebb0f5eb3e5ec3b3369d2f843c636c9a9c7","CHANGE_SIGNATURE","{Method user_merge_to_ref(user, source_sha, branch, target_ref, message, first_parent_ref, expected_old_oid) at lib/gitlab/gitaly_client/operation_service.rb:148}","{Method user_merge_to_ref(user, source_sha, branch, target_ref, message, first_parent_ref, expected_old_oid, sign) at lib/gitlab/gitaly_client/operation_service.rb:148}","18","19"
"7af85ebb0f5eb3e5ec3b3369d2f843c636c9a9c7","CHANGE_SIGNATURE","{Method validate_columns!(fields, operation, aggregate) at lib/click_house/finders/ci/finished_builds_finder.rb:158}","{Method validate_columns!(fields, operation) at lib/click_house/finders/ci/finished_builds_finder.rb:160}","11","9"
"7af85ebb0f5eb3e5ec3b3369d2f843c636c9a9c7","CHANGE_SIGNATURE","{Method select(*fields, aggregate) at lib/click_house/finders/ci/finished_builds_finder.rb:64}","{Method select(*fields, group_by_fields) at lib/click_house/finders/ci/finished_builds_finder.rb:66}","9","9"
"3875aed7b9e63492d189617ee362999a4733c273","EXTRACT_MOVE","{Method count(limit) at app/graphql/types/limited_countable_connection_type.rb:16}","{Method limited_count(relation, limit) at app/graphql/types/countable_connection_helper.rb:10}","9","7"
"3875aed7b9e63492d189617ee362999a4733c273","CHANGE_SIGNATURE","{Method count() at app/graphql/types/countable_connection_type.rb:9}","{Method count(limit) at app/graphql/types/countable_connection_type.rb:17}","12","18"
"b4e94cfa43539dd7349b299a92cf980964966a69"
"5a56bd03a127b917de82b1adf2deb61ae3f11872","CHANGE_SIGNATURE","{Method sanitizes!(*attrs) at app/models/concerns/sanitizable.rb:32}","{Method sanitizes!(*attrs, **options) at app/models/concerns/sanitizable.rb:40}","28","28"
"9ed8abe1277a570c2c35ce2e03f570b6059b70e6","CHANGE_SIGNATURE","{Method raise_resource_not_available_error!(msg) at lib/gitlab/graphql/authorize/authorize_resource.rb:35}","{Method raise_resource_not_available_error!(msg, extensions) at lib/gitlab/graphql/authorize/authorize_resource.rb:35}","3","7"
"9ed8abe1277a570c2c35ce2e03f570b6059b70e6","EXTRACT_MOVE","{Method up() at db/post_migrate/20250214214518_queue_backfill_software_license_policies.rb:13}","{Method up() at db/post_migrate/20251118222030_cleanup_backfill_licenses_outside_spdx_catalogue.rb:9}","10","3"
"9ed8abe1277a570c2c35ce2e03f570b6059b70e6","CHANGE_SIGNATURE","{Method user_cherry_pick(user, commit, branch_name, message, start_branch_name, start_repository, author_name, author_email, dry_run, target_sha) at lib/gitlab/gitaly_client/operation_service.rb:269}","{Method user_cherry_pick(user, commit, branch_name, message, start_branch_name, start_repository, author_name, author_email, dry_run, target_sha, sign) at lib/gitlab/gitaly_client/operation_service.rb:269}","50","51"
"9ed8abe1277a570c2c35ce2e03f570b6059b70e6","EXTRACT_MOVE","{Method up() at db/post_migrate/20250214214518_queue_backfill_software_license_policies.rb:13}","{Method up() at db/post_migrate/20251118222032_cleanup_backfill_software_license_policies.rb:9}","10","3"
"9ed8abe1277a570c2c35ce2e03f570b6059b70e6","RENAME","{Method software_license_class() at spec/lib/gitlab/database/migration_helpers/restrict_gitlab_schema_spec.rb:248}","{Method features_class() at spec/lib/gitlab/database/migration_helpers/restrict_gitlab_schema_spec.rb:248}","5","5"
"9ed8abe1277a570c2c35ce2e03f570b6059b70e6","EXTRACT_MOVE","{Method up() at db/post_migrate/20250505171359_queue_backfill_licenses_outside_spdx_catalogue.rb:12}","{Method up() at db/post_migrate/20251118222032_cleanup_backfill_software_license_policies.rb:9}","9","3"
"9ed8abe1277a570c2c35ce2e03f570b6059b70e6","EXTRACT_MOVE","{Method up() at db/post_migrate/20250505171359_queue_backfill_licenses_outside_spdx_catalogue.rb:12}","{Method up() at db/post_migrate/20251118222030_cleanup_backfill_licenses_outside_spdx_catalogue.rb:9}","9","3"
"9ed8abe1277a570c2c35ce2e03f570b6059b70e6","EXTRACT_MOVE","{Method sign_commits?() at app/models/repository.rb:1478}","{Method sign_commits?() at app/services/repositories/web_based_commit_signing_setting.rb:10}","3","3"
"11be4d59d3a174417eff31c93770358a54b10c41","CHANGE_SIGNATURE","{Method initialize(configuration, dimension) at lib/gitlab/database/aggregation/query_plan.rb:12}","{Method initialize(definition, configuration) at lib/gitlab/database/aggregation/query_plan.rb:25}","4","4"
"11be4d59d3a174417eff31c93770358a54b10c41","MOVE","{Method click_issue_link(title) at qa/qa/page/project/issue/index.rb:36}","{Method click_issue_link(title) at qa/qa/page/project/work_item/index.rb:36}","3","3"
"11be4d59d3a174417eff31c93770358a54b10c41","MOVE","{Method has_issue?(issue) at qa/qa/page/project/issue/index.rb:96}","{Method has_issue?(issue) at qa/qa/page/project/work_item/index.rb:96}","3","3"
"11be4d59d3a174417eff31c93770358a54b10c41","MOVE","{Method click_work_items_list_more_actions_dropdown() at qa/qa/page/project/issue/index.rb:74}","{Method click_work_items_list_more_actions_dropdown() at qa/qa/page/project/work_item/index.rb:74}","3","3"
"11be4d59d3a174417eff31c93770358a54b10c41","MOVE","{Method click_import_from_jira_link() at qa/qa/page/project/issue/index.rb:70}","{Method click_import_from_jira_link() at qa/qa/page/project/work_item/index.rb:70}","3","3"
"11be4d59d3a174417eff31c93770358a54b10c41","MOVE","{Method has_assignee_link_count?(count) at qa/qa/page/project/issue/index.rb:92}","{Method has_assignee_link_count?(count) at qa/qa/page/project/work_item/index.rb:92}","3","3"
"11be4d59d3a174417eff31c93770358a54b10c41","MOVE","{Method click_closed_issues_tab() at qa/qa/page/project/issue/index.rb:40}","{Method click_closed_issues_tab() at qa/qa/page/project/work_item/index.rb:40}","21","21"
"11be4d59d3a174417eff31c93770358a54b10c41","CHANGE_SIGNATURE","{Method cancel_jobs(jobs) at app/services/ci/cancel_pipeline_service.rb:96}","{Method cancel_jobs(cancelable_jobs) at app/services/ci/cancel_pipeline_service.rb:96}","11","11"
"11be4d59d3a174417eff31c93770358a54b10c41","EXTRACT_MOVE","{Method apply_order(relation, plan, dimension_aliases, metric_aliases) at lib/gitlab/database/aggregation/active_record/engine.rb:80}","{Method instance_key(_context) at lib/gitlab/database/aggregation/active_record/column.rb:83}","24","3"
"11be4d59d3a174417eff31c93770358a54b10c41","CHANGE_SIGNATURE","{Method add_order(kind) at lib/gitlab/database/aggregation/query_plan.rb:86}","{Method add_order(plan_part, configuration) at lib/gitlab/database/aggregation/query_plan.rb:117}","3","3"
"11be4d59d3a174417eff31c93770358a54b10c41","EXTRACT_MOVE","{Method apply_order(relation, plan, dimension_aliases, metric_aliases) at lib/gitlab/database/aggregation/active_record/engine.rb:80}","{Method direction() at lib/gitlab/database/aggregation/query_plan.rb:45}","24","3"
"11be4d59d3a174417eff31c93770358a54b10c41","MOVE","{Method click_export_as_csv_button() at qa/qa/page/project/issue/index.rb:62}","{Method click_export_as_csv_button() at qa/qa/page/project/work_item/index.rb:62}","3","3"
"11be4d59d3a174417eff31c93770358a54b10c41","CHANGE_SIGNATURE","{Method download_file(request_headers, package_name, file_name) at spec/requests/api/generic_packages_spec.rb:1230}","{Method download_file(request_headers, package_name, file_name, method) at spec/requests/api/generic_packages_spec.rb:1241}","7","7"
"11be4d59d3a174417eff31c93770358a54b10c41","CHANGE_SIGNATURE","{Method initialize(configuration, metric) at lib/gitlab/database/aggregation/query_plan.rb:21}","{Method initialize(definition, configuration) at lib/gitlab/database/aggregation/query_plan.rb:12}","4","4"
"11be4d59d3a174417eff31c93770358a54b10c41","MOVE","{Method click_export_issues_button() at qa/qa/page/project/issue/index.rb:66}","{Method click_export_issues_button() at qa/qa/page/project/work_item/index.rb:66}","3","3"
"11be4d59d3a174417eff31c93770358a54b10c41","CHANGE_SIGNATURE","{Method add_dimension(configuration, dimension) at lib/gitlab/database/aggregation/query_plan.rb:78}","{Method add_dimension(definition, configuration) at lib/gitlab/database/aggregation/query_plan.rb:109}","3","3"
"11be4d59d3a174417eff31c93770358a54b10c41","EXTRACT_MOVE","{Method apply_scope(relation, plan) at lib/gitlab/database/aggregation/active_record/engine.rb:67}","{Method parts() at lib/gitlab/database/aggregation/query_plan.rb:105}","6","3"
"11be4d59d3a174417eff31c93770358a54b10c41","MOVE","{Method has_author?(author_username) at qa/qa/page/component/work_item/common.rb:26}","{Method has_author?(author_username) at qa/qa/page/project/work_item/show.rb:73}","5","5"
"11be4d59d3a174417eff31c93770358a54b10c41","RENAME","{Method builds_count_in_alive_pipelines() at app/models/ci/pipeline.rb:602}","{Method legacy_builds_count_in_alive_pipelines() at app/models/ci/pipeline.rb:612}","3","3"
"11be4d59d3a174417eff31c93770358a54b10c41","MOVE","{Method export_issues_modal() at qa/qa/page/project/issue/index.rb:78}","{Method export_issues_modal() at qa/qa/page/project/work_item/index.rb:78}","3","3"
"11be4d59d3a174417eff31c93770358a54b10c41","INLINE","{Method count_persisted_jobs_in_all_alive_pipelines() at lib/gitlab/ci/pipeline/chain/limit/active_jobs.rb:58}","{Method count_jobs_in_alive_pipelines() at lib/gitlab/ci/pipeline/chain/limit/active_jobs.rb:48}","3","9"
"11be4d59d3a174417eff31c93770358a54b10c41","MOVE","{Method go_to_jira_import_form() at qa/qa/page/project/issue/index.rb:82}","{Method go_to_jira_import_form() at qa/qa/page/project/work_item/index.rb:82}","9","9"
"11be4d59d3a174417eff31c93770358a54b10c41","MOVE","{Method has_no_issue?(issue) at qa/qa/page/project/issue/index.rb:100}","{Method has_no_issue?(issue) at qa/qa/page/project/work_item/index.rb:100}","3","3"
"11be4d59d3a174417eff31c93770358a54b10c41","CHANGE_SIGNATURE","{Method raw_participants(current_user, verify_access) at app/models/concerns/participable.rb:94}","{Method raw_participants(current_user) at app/models/concerns/participable.rb:87}","42","41"
"11be4d59d3a174417eff31c93770358a54b10c41","INLINE","{Method count_current_pipeline_jobs() at lib/gitlab/ci/pipeline/chain/limit/active_jobs.rb:54}","{Method count_jobs_in_alive_pipelines() at lib/gitlab/ci/pipeline/chain/limit/active_jobs.rb:48}","3","9"
"11be4d59d3a174417eff31c93770358a54b10c41","CHANGE_SIGNATURE","{Method add_metric(configuration, metric) at lib/gitlab/database/aggregation/query_plan.rb:82}","{Method add_metric(definition, configuration) at lib/gitlab/database/aggregation/query_plan.rb:113}","3","3"
"11be4d59d3a174417eff31c93770358a54b10c41","MOVE","{Method avatar_counter() at qa/qa/page/project/issue/index.rb:32}","{Method avatar_counter() at qa/qa/page/project/work_item/index.rb:32}","3","3"
"c83bd42aaeb7c3000dca7c400bc43ea0e111c464"
"55109d5aa5c8b97979deca74c33ffe491f1ca45c"
"725223254d17e6b2a06d49ba7f11e1bab215edab","CHANGE_SIGNATURE","{Method remove_unsafe_table_style() at lib/banzai/filter/sanitization_filter.rb:75}","{Method remove_unsafe_table_style(env) at lib/banzai/filter/sanitization_filter.rb:83}","14","12"
"725223254d17e6b2a06d49ba7f11e1bab215edab","CHANGE_SIGNATURE","{Method remove_unsafe_classes() at lib/banzai/filter/sanitization_filter.rb:90}","{Method remove_unsafe_classes(env) at lib/banzai/filter/sanitization_filter.rb:96}","20","18"
"725223254d17e6b2a06d49ba7f11e1bab215edab","CHANGE_SIGNATURE","{Method remove_id_attributes() at lib/banzai/filter/sanitization_filter.rb:137}","{Method remove_id_attributes(env) at lib/banzai/filter/sanitization_filter.rb:141}","19","22"
"d698b829eb047ddac0101dd73e84e90b1d1663c3"
"607acff73e6209b50ad65d173eb9397759f07fe3"
"a4048ad7ce75919b750400e9c865a4de8446ae05"
"413a41d71f22c3f31fe460a370f8268ca48b8946","EXTRACT","{Method needs_pagination?(relation) at lib/gitlab/pagination/offset_pagination.rb:42}","{Method per_page() at lib/gitlab/pagination/offset_pagination.rb:98}","7","3"
"413a41d71f22c3f31fe460a370f8268ca48b8946","EXTRACT","{Method needs_pagination?(relation) at lib/gitlab/pagination/offset_pagination.rb:42}","{Method page() at lib/gitlab/pagination/offset_pagination.rb:94}","7","3"
"413a41d71f22c3f31fe460a370f8268ca48b8946","EXTRACT","{Method validate(record) at app/validators/exactly_one_present_validator.rb:20}","{Method present_field_values(record, fields) at app/validators/exactly_one_present_validator.rb:72}","23","11"
"413a41d71f22c3f31fe460a370f8268ca48b8946","EXTRACT","{Method validate(record) at app/validators/exactly_one_present_validator.rb:20}","{Method add_validation_error(record, fields) at app/validators/exactly_one_present_validator.rb:84}","23","6"
"413a41d71f22c3f31fe460a370f8268ca48b8946","EXTRACT","{Method paginate_with_limit_optimization(relation, without_count, skip_pagination_check) at lib/gitlab/pagination/offset_pagination.rb:24}","{Method per_page() at lib/gitlab/pagination/offset_pagination.rb:98}","17","3"
"413a41d71f22c3f31fe460a370f8268ca48b8946","EXTRACT","{Method paginate_with_limit_optimization(relation, without_count, skip_pagination_check) at lib/gitlab/pagination/offset_pagination.rb:24}","{Method page() at lib/gitlab/pagination/offset_pagination.rb:94}","17","3"
"3189bf362a7e35f5110273feb8bc4d7f50fc505e"
"3e2ec3b6244690b7c2dd21beb4dc1c07b0a837c8","RENAME","{Method log_archived(count) at app/workers/authn/data_retention/authentication_event_archive_worker.rb:90}","{Method log_deleted(count) at app/workers/authn/data_retention/authentication_event_archive_worker.rb:82}","9","9"
"3e2ec3b6244690b7c2dd21beb4dc1c07b0a837c8","RENAME","{Method archive_old_events(events) at app/workers/authn/data_retention/authentication_event_archive_worker.rb:60}","{Method delete_old_events(events) at app/workers/authn/data_retention/authentication_event_archive_worker.rb:60}","25","17"
"3e2ec3b6244690b7c2dd21beb4dc1c07b0a837c8","CHANGE_SIGNATURE","{Method keyset_paginator(relation) at lib/api/helpers/pagination_strategies.rb:29}","{Method keyset_paginator(relation, use_cursor) at lib/api/helpers/pagination_strategies.rb:29}","19","19"
"3e2ec3b6244690b7c2dd21beb4dc1c07b0a837c8","CHANGE_SIGNATURE","{Method paginate_with_strategies(relation, request_scope, paginator_params) at lib/api/helpers/pagination_strategies.rb:7}","{Method paginate_with_strategies(relation, request_scope, paginator_params, use_cursor) at lib/api/helpers/pagination_strategies.rb:7}","13","13"
"3e2ec3b6244690b7c2dd21beb4dc1c07b0a837c8","CHANGE_SIGNATURE","{Method paginator(relation, request_scope) at lib/api/helpers/pagination_strategies.rb:21}","{Method paginator(relation, request_scope, use_cursor) at lib/api/helpers/pagination_strategies.rb:21}","5","5"
"8fa4b47ec94f744aef1b118117c67f7ac882b949"
"0e3826e420bd68f676ca45156fb8cf8561cd6bb1","EXTRACT","{Method build_rate_aggregate(status) at lib/click_house/finders/ci/finished_builds_finder.rb:157}","{Method build_count_aggregate(status) at lib/click_house/finders/ci/finished_builds_finder.rb:191}","11","5"
"21cfed2f95c34399e782481b405ea451c8cf8c6e"
"a5683a34d6293a823027149cf4d43e083f12afb3"
"4b57984abd1fa0f0c31b46ec54c5d8b4e41b5862"
"00b3c92ff1f60eb841a3b650834d0a25b0994b05"
"d851594b24a606a7317c298d7fa4cadd1bedb941"
"0d867bd69b36875572a9765b592ce2188f4a0533"
"a840005ab73978ca48d9c739f1d7e7170eb0f1df"
"6392b6c9c35bdb4b677442a159d61c01cee4cae0"
"d0a13d3a52e0167048304a9dcab9c1f9cca9c523"
"bce59b148d0068dbaa4d8079fb61d567dc90cfaf"
"bb4284ea3e45b1437ee74456e7a8ced91a460c68"
"1f5ee5d53cc3394001628342b47704ef1a959170"
"9c603fb8b0e40c1190d9bdadb792feae5997fb8f"
"da4ccb34444222893af8cb4fdc5f9486a83e6ada","EXTRACT_MOVE","{Method up() at db/post_migrate/20251015135242_validate_timelogs_namespace_id_foreign_key.rb:8}","{Method up() at db/post_migrate/20251121200938_validate_timelogs_namespace_id_fk.rb:6}","3","3"
"c51852edd171efba04b5f99c24b7ebc97b83ad19","INLINE","{Method project_default_pins(_user) at app/helpers/sidebars_helper.rb:456}","{Method super_sidebar_default_pins(panel_type) at app/helpers/sidebars_helper.rb:445}","3","10"
"c51852edd171efba04b5f99c24b7ebc97b83ad19","INLINE","{Method group_default_pins(_user) at app/helpers/sidebars_helper.rb:460}","{Method super_sidebar_default_pins(panel_type) at app/helpers/sidebars_helper.rb:445}","3","10"
"c51852edd171efba04b5f99c24b7ebc97b83ad19","CHANGE_SIGNATURE","{Method super_sidebar_default_pins(panel_type, user) at app/helpers/sidebars_helper.rb:445}","{Method super_sidebar_default_pins(panel_type) at app/helpers/sidebars_helper.rb:445}","10","10"
"44e45f4d36c9275093ad9df53f798124c702c224"
"f06e6f2747c386ed89b495900d68e1d38206f64b","EXTRACT","{Method get_custom_tool(name, version) at app/services/mcp/tools/manager.rb:67}","{Method get_tool_from_registry(tool_registry, name, version) at app/services/mcp/tools/manager.rb:79}","10","10"
"28850235b690b48465d2e8bad1de412b001cd64b","CHANGE_SIGNATURE","{Method initialize(params, headers, user) at lib/gitlab/current/organization.rb:10}","{Method initialize(params, user, rack_env) at lib/gitlab/current/organization.rb:10}","5","5"
"575943b72a1090c6b3950eddb6a5579fc2416fe4","EXTRACT","{Method lock_message() at tooling/danger/database_upgrade_ddl_lock.rb:73}","{Method message_params() at tooling/danger/database_upgrade_ddl_lock.rb:132}","15","8"
"575943b72a1090c6b3950eddb6a5579fc2416fe4","EXTRACT","{Method warning_message() at tooling/danger/database_upgrade_ddl_lock.rb:89}","{Method message_params() at tooling/danger/database_upgrade_ddl_lock.rb:132}","23","8"
"575943b72a1090c6b3950eddb6a5579fc2416fe4","EXTRACT","{Method config() at tooling/danger/database_upgrade_ddl_lock.rb:26}","{Method load_active_lock_config() at tooling/danger/database_upgrade_ddl_lock.rb:36}","17","6"
"575943b72a1090c6b3950eddb6a5579fc2416fe4","EXTRACT","{Method check_ddl_lock_contention() at tooling/danger/database_upgrade_ddl_lock.rb:9}","{Method should_warn?() at tooling/danger/database_upgrade_ddl_lock.rb:20}","10","3"
"575943b72a1090c6b3950eddb6a5579fc2416fe4","EXTRACT","{Method check_ddl_lock_contention() at tooling/danger/database_upgrade_ddl_lock.rb:9}","{Method should_fail?() at tooling/danger/database_upgrade_ddl_lock.rb:24}","10","3"
"375ad80ae965a1578b7b1d2476f156c17e8de289","EXTRACT_MOVE","{Method create() at app/controllers/profiles/two_factor_auths_controller.rb:23}","{Method destroy_all_but_current_user_session!(user, session) at app/controllers/concerns/authenticates_with_two_factor.rb:226}","30","3"
"cb583c2b8ac7c5f4cb1bd3d5dbdec54a1433f2f5","EXTRACT_MOVE","{Method valid_access_level?() at app/services/group_access_tokens/rotate_service.rb:10}","{Method can_assign_role?(current_user, access_level) at app/models/concerns/authz/has_roles.rb:7}","12","7"
"cb583c2b8ac7c5f4cb1bd3d5dbdec54a1433f2f5","EXTRACT_MOVE","{Method valid_access_level?() at app/services/project_access_tokens/rotate_service.rb:10}","{Method can_assign_role?(current_user, access_level) at app/models/concerns/authz/has_roles.rb:7}","12","7"
"cb583c2b8ac7c5f4cb1bd3d5dbdec54a1433f2f5","CHANGE_SIGNATURE","{Method handle_successful_api_call(group, settings_params, group_id, user_id) at app/workers/observability/create_group_o11y_setting_worker.rb:46}","{Method handle_successful_api_call(group, settings_params, group_id, user_id, user) at app/workers/observability/create_group_o11y_setting_worker.rb:46}","12","13"
"23cb0701e49b8e427d32af47c9e5b39b66ec2439"
"f9502a570b91542ef74593c4e049142eb7784cf8"
"225f1f2c05622fb994db00eb23c4de9cd69fd4d0"
"63da41c3a1c6e78a97b98c9f84972893e04ae33b","RENAME","{Method table_name_or_const_name(node) at rubocop/cop/migration/add_limit_to_text_columns.rb:162}","{Method value_or_const_name(node) at rubocop/cop/migration/add_limit_to_text_columns.rb:162}","3","3"
"fa85c94761df3c26b3457fbe5046680fde58a610"
"11d59dcffcdd6ed3287c1229df468ea947af4615","EXTRACT_MOVE","{Method up() at db/post_migrate/20251029151940_queue_move_ci_builds_metadata.rb:13}","{Method up() at db/post_migrate/20251117084121_requeue_builds_metadata_migration.rb:13}","19","21"
"11d59dcffcdd6ed3287c1229df468ea947af4615","CHANGE_SIGNATURE","{Method reload_diff(current_user) at app/models/merge_request.rb:1431}","{Method reload_diff(current_user, log_duration) at app/models/merge_request.rb:1431}","5","5"
"11d59dcffcdd6ed3287c1229df468ea947af4615","MOVE","{Method batch_max_value(ids) at db/post_migrate/20251029151940_queue_move_ci_builds_metadata.rb:61}","{Method batch_max_value(ids) at db/post_migrate/20251117084121_requeue_builds_metadata_migration.rb:63}","5","5"
"11d59dcffcdd6ed3287c1229df468ea947af4615","CHANGE_SIGNATURE","{Method execute() at app/services/merge_requests/reload_diffs_service.rb:10}","{Method execute(log_duration) at app/services/merge_requests/reload_diffs_service.rb:12}","11","26"
"11d59dcffcdd6ed3287c1229df468ea947af4615","MOVE","{Method assign_attributes_safely(migration, max_batch_size, batch_table_name, gitlab_schema, _queued_migration_version) at db/post_migrate/20251029151940_queue_move_ci_builds_metadata.rb:74}","{Method assign_attributes_safely(migration, max_batch_size, batch_table_name, gitlab_schema, _queued_migration_version) at db/post_migrate/20251117084121_requeue_builds_metadata_migration.rb:76}","3","3"
"11d59dcffcdd6ed3287c1229df468ea947af4615","MOVE","{Method each_partition() at db/post_migrate/20251029151940_queue_move_ci_builds_metadata.rb:48}","{Method each_partition() at db/post_migrate/20251117084121_requeue_builds_metadata_migration.rb:50}","6","6"
"11d59dcffcdd6ed3287c1229df468ea947af4615","MOVE","{Method batch_min_value(ids) at db/post_migrate/20251029151940_queue_move_ci_builds_metadata.rb:55}","{Method batch_min_value(ids) at db/post_migrate/20251117084121_requeue_builds_metadata_migration.rb:57}","5","5"
"11d59dcffcdd6ed3287c1229df468ea947af4615","EXTRACT_MOVE","{Method down() at db/post_migrate/20251029151940_queue_move_ci_builds_metadata.rb:33}","{Method down() at db/post_migrate/20251117084121_requeue_builds_metadata_migration.rb:35}","12","12"
"11d59dcffcdd6ed3287c1229df468ea947af4615","MOVE","{Method empty_partition?(ids) at db/post_migrate/20251029151940_queue_move_ci_builds_metadata.rb:67}","{Method empty_partition?(ids) at db/post_migrate/20251117084121_requeue_builds_metadata_migration.rb:69}","5","5"
"5e7c7a4aa6e5c03c04dc457971b7ed4c5803301b"
"d6cf9a551effbfb0ffd4678acd660b2ab3dff023"
"57d5e335fb032c18fca09090372114043a8592cb"
"730b302d88a2039c61dac7c81c9581ab273dd165"
"fa02ad37a32f74bfbc0b161754588150c733e67e","EXTRACT","{Method client() at lib/gitlab/topology_service_client/base_service.rb:20}","{Method build_interceptors() at lib/gitlab/topology_service_client/base_service.rb:29}","12","17"
"3ef5925c0939651590154a2be582fb18ea1189b7"
"4751f3f7d5dadc9cdf66d678d297e26f980e8062"
"80248f5e85f0489ea742df2c42b8fe9715300c1a"
"cbcda3a8ebba6f42bf4c9a2e23a4fa1f21f05e29"
"989cf4c1a7d6d3c034a8a25e66a8c8eb9efaa380"
"d9d9779b87834e475cb3b9cd549c2c9a0c53fa18"
"f607a9e5965570839e6a218c14adb29919610b59","RENAME","{Method encryption_attributes() at lib/backup/remote_storage.rb:65}","{Method aws_encryption_attributes() at lib/backup/remote_storage.rb:102}","32","32"
"f607a9e5965570839e6a218c14adb29919610b59","EXTRACT","{Method create_attributes() at lib/backup/remote_storage.rb:49}","{Method upload_multipart_chunk_size() at lib/backup/remote_storage.rb:98}","15","3"
"f607a9e5965570839e6a218c14adb29919610b59","EXTRACT","{Method create_attributes() at lib/backup/remote_storage.rb:49}","{Method backup_filename() at lib/backup/remote_storage.rb:94}","15","3"
"b21467829170e6aad5ea9b8a514c6e359fc3f49b","CHANGE_SIGNATURE","{Method test_files_code(node) at rubocop/cop/experiments_test_coverage.rb:43}","{Method test_files_code() at rubocop/cop/experiments_test_coverage.rb:44}","6","12"
"b21467829170e6aad5ea9b8a514c6e359fc3f49b","CHANGE_SIGNATURE","{Method get_graphql_query_as_string(query_path, ee, with_base_path) at spec/support/helpers/javascript_fixtures_helpers.rb:49}","{Method get_graphql_query_as_string(query_path, ee, with_base_path, relative_url_root) at spec/support/helpers/javascript_fixtures_helpers.rb:49}","11","25"
"c9d4ca7efc6394827dff36bc21b399500778a3fa"
"5216f121cb6b040ec488aeba7d65211c6c43eb9c","EXTRACT","{Method known_keys() at spec/support/rspec_metadata_validator.rb:25}","{Method keys_from_file() at spec/support/rspec_metadata_validator.rb:25}","3","3"
"3412764bb40ab77ba33bebd2354738407b66280f","MOVE","{Method initialize(definition, source_file) at lib/authz/permission.rb:49}","{Method initialize(definition, source_file) at lib/authz/concerns/yaml_permission.rb:55}","4","4"
"3412764bb40ab77ba33bebd2354738407b66280f","MOVE","{Method available_for_tokens?() at lib/authz/permission.rb:84}","{Method available_for_tokens?() at lib/authz/concerns/yaml_permission.rb:68}","3","3"
"3412764bb40ab77ba33bebd2354738407b66280f","MOVE","{Method get(name) at lib/authz/permission.rb:10}","{Method get(name) at lib/authz/concerns/yaml_permission.rb:15}","3","3"
"3412764bb40ab77ba33bebd2354738407b66280f","MOVE","{Method load_from_file(path) at lib/authz/permission.rb:35}","{Method load_from_file(path) at lib/authz/concerns/yaml_permission.rb:41}","6","6"
"3412764bb40ab77ba33bebd2354738407b66280f","EXTRACT_MOVE","{Method all_for_tokens() at lib/authz/permission.rb:18}","{Method available_for_tokens() at lib/authz/concerns/yaml_permission.rb:23}","3","3"
"3412764bb40ab77ba33bebd2354738407b66280f","RENAME","{Method permission_path() at lib/authz/permission.rb:42}","{Method config_path() at lib/authz/permission.rb:19}","3","3"
"3412764bb40ab77ba33bebd2354738407b66280f","MOVE","{Method description() at lib/authz/permission.rb:58}","{Method description() at lib/authz/concerns/yaml_permission.rb:64}","3","3"
"3412764bb40ab77ba33bebd2354738407b66280f","MOVE","{Method defined?(name) at lib/authz/permission.rb:14}","{Method defined?(name) at lib/authz/concerns/yaml_permission.rb:19}","3","3"
"3412764bb40ab77ba33bebd2354738407b66280f","MOVE","{Method name() at lib/authz/permission.rb:54}","{Method name() at lib/authz/concerns/yaml_permission.rb:60}","3","3"
"81f4403740a4fb5f48c668e009d03e15b6df2721"
"a98428f971b69b2de69f61565d8f5fec42f84442","EXTRACT","{Method finalize(job_class_name, table_name, column_name, job_arguments) at lib/gitlab/database/background_migration/batched_migration_runner.rb:57}","{Method execute_migration(migration, force) at lib/gitlab/database/background_migration/batched_migration_runner.rb:88}","31","10"
"a98428f971b69b2de69f61565d8f5fec42f84442","CHANGE_SIGNATURE","{Method run_migration_job(active_migration) at lib/gitlab/database/background_migration/batched_migration_runner.rb:28}","{Method run_migration_job(active_migration, force) at lib/gitlab/database/background_migration/batched_migration_runner.rb:32}","11","11"
"a98428f971b69b2de69f61565d8f5fec42f84442","CHANGE_SIGNATURE","{Method print_error(msg) at lib/gitlab/database/background_migration/rake_task.rb:17}","{Method print_error(msg, force_exit) at lib/gitlab/database/background_migration/rake_task.rb:17}","4","5"
"a98428f971b69b2de69f61565d8f5fec42f84442","CHANGE_SIGNATURE","{Method run_migration_while(migration, status) at lib/gitlab/database/background_migration/batched_migration_runner.rb:144}","{Method run_migration_while(migration, status, force) at lib/gitlab/database/background_migration/batched_migration_runner.rb:154}","6","6"
"a98428f971b69b2de69f61565d8f5fec42f84442","CHANGE_SIGNATURE","{Method print_message(msg) at lib/gitlab/database/background_migration/rake_task.rb:22}","{Method print_message(msg, force_exit) at lib/gitlab/database/background_migration/rake_task.rb:23}","3","5"
"b8324864bdc7a62485e9804de54077772e065fe2","CHANGE_SIGNATURE","{Method group_projects_for(user, group, exclude_shared) at app/policies/concerns/find_group_projects.rb:6}","{Method group_projects_for(user, group, min_access_level, exclude_shared) at app/policies/concerns/find_group_projects.rb:6}","7","8"
"b8324864bdc7a62485e9804de54077772e065fe2","EXTRACT","{Method execute(merge_request, commit, skip_reset) at app/services/merge_requests/close_service.rb:7}","{Method authorized_to_close?(merge_request) at app/services/merge_requests/close_service.rb:63}","34","3"
"7e5fb160a4b47f6ea593083c1be1373c9d5b35a1","EXTRACT_MOVE","{Method can_resolve_discussion?() at app/services/draft_notes/create_service.rb:67}","{Method can_resolve?(user) at app/models/concerns/resolvable_discussion.rb:83}","6","3"
"4b0d26721351444d6febd840610184351a759c78"
"cb108d57215c6afc762637a8b54f65c5130dc449","CHANGE_SIGNATURE","{Method delete_expired_jobs() at app/services/projects/import_export/prune_expired_export_jobs_service.rb:16}","{Method delete_expired_jobs(prunable_before) at app/services/projects/import_export/prune_expired_export_jobs_service.rb:18}","6","6"
"cb108d57215c6afc762637a8b54f65c5130dc449","CHANGE_SIGNATURE","{Method delete_uploads_for_expired_jobs() at app/services/projects/import_export/prune_expired_export_jobs_service.rb:23}","{Method delete_uploads_for_expired_jobs(prunable_before) at app/services/projects/import_export/prune_expired_export_jobs_service.rb:25}","19","19"
"182f7fbb2a58aa1f89b6ca4a3f718e843548725f"
"459fff947d1abafe645fb5bffd8e35ee44d6fda9"
"ac30a0a70145088c53b2e96ceb4ef8b763ba9604","CHANGE_SIGNATURE","{Method delete_passkey_data(password_required, path) at app/helpers/auth_helper.rb:266}","{Method delete_passkey_data(password_required, path, passkey_count) at app/helpers/auth_helper.rb:266}","14","23"
"06452c5d2295a6f354ec829b7aa5e089851cf0ed","EXTRACT_MOVE","{Method commit_shas_from_metadata(limit) at app/models/merge_request_diff.rb:1061}","{Method commit_shas_from_metadata(project_id, limit) at app/models/merge_request_diff_commit.rb:150}","18","20"
"3332e65f5995f9ce891b6a72e2c0f248d1e8db2a","MOVE","{Method current_password_required?() at app/controllers/profiles/two_factor_auths_controller.rb:168}","{Method current_password_required?() at app/helpers/auth_helper.rb:338}","3","3"
"787e06d28a3b30c50e30cf5dad30a136b2b66800"
"2dbbae25e1ab5c2258805c73a50960a4445ffd6d"
"a452a353f24e41d62c7ab5a732b2c6ef4f03bf19"
"3f1003f93e57cf8a14f6f02c70c9711d8fcdbe83"
"178f6fa783e12950fb1915b8da8ab3931e83ae91"
"f04f1a7828432331e6cef2c4f7c9b19fa14cdf88"
"95de388f7e507a5a8eccc16863d4b691d39b7345","MOVE_RENAME","{Method access_level_encompasses?(current_level, level_to_assign) at spec/lib/authz/role_spec.rb:16}","{Method level_encompasses?(current_level, level_to_assign) at spec/lib/gitlab/access_spec.rb:19}","6","6"
"95de388f7e507a5a8eccc16863d4b691d39b7345","MOVE_RENAME","{Method access_level_encompasses?(current_access_level, level_to_assign) at lib/authz/role.rb:5}","{Method level_encompasses?(current_access_level, level_to_assign) at lib/gitlab/access.rb:43}","11","9"
"2e4a8c55435601850c9582cf72a77aeef5979eb7","EXTRACT","{Method perform(project_relation_export_id, user_id, params) at app/workers/projects/import_export/relation_export_worker.rb:23}","{Method user_banned?(user, user_id, relation_export) at app/workers/projects/import_export/relation_export_worker.rb:83}","19","6"
"2e4a8c55435601850c9582cf72a77aeef5979eb7","CHANGE_SIGNATURE","{Method mark_relation_export_failed!(project_relation_export_id, message, exception) at app/workers/projects/import_export/relation_export_worker.rb:43}","{Method mark_relation_export_failed!(relation_export, message, exception) at app/workers/projects/import_export/relation_export_worker.rb:62}","19","18"
"2e4a8c55435601850c9582cf72a77aeef5979eb7","EXTRACT","{Method perform(project_relation_export_id, user_id, params) at app/workers/projects/import_export/relation_export_worker.rb:23}","{Method find_relation_export(project_relation_export_id) at app/workers/projects/import_export/relation_export_worker.rb:40}","19","3"
"46d018028858384e6d2cc61cede74123fa5ae60e","CHANGE_SIGNATURE","{Method initialize(user, studio_cookie) at app/models/users/project_studio.rb:10}","{Method initialize(user) at app/models/users/project_studio.rb:10}","4","3"
"46d018028858384e6d2cc61cede74123fa5ae60e","CHANGE_SIGNATURE","{Method enabled_for_user?(user, studio_cookie) at app/models/users/project_studio.rb:6}","{Method enabled_for_user?(user) at app/models/users/project_studio.rb:6}","3","3"
"cef4635053d364f18921f936c5ad2de0b0bb4219","MOVE","{Method concurrent_foreign_key_name(table, column, prefix) at lib/gitlab/database/migration_helpers.rb:378}","{Method concurrent_foreign_key_name(table, column, prefix) at lib/gitlab/database/migrations/foreign_key_helpers.rb:145}","6","6"
"cef4635053d364f18921f936c5ad2de0b0bb4219","MOVE","{Method validate_foreign_key(source, column, name) at lib/gitlab/database/migration_helpers.rb:323}","{Method validate_foreign_key(source, column, name) at lib/gitlab/database/migrations/foreign_key_helpers.rb:91}","11","11"
"cef4635053d364f18921f936c5ad2de0b0bb4219","MOVE","{Method foreign_key_exists?(source, target, **options) at lib/gitlab/database/migration_helpers.rb:335}","{Method foreign_key_exists?(source, target, **options) at lib/gitlab/database/migrations/foreign_key_helpers.rb:103}","31","10"
"cef4635053d364f18921f936c5ad2de0b0bb4219","MOVE","{Method remove_foreign_key_without_error(*args, **kwargs) at lib/gitlab/database/migration_helpers.rb:1001}","{Method remove_foreign_key_without_error(*args, **kwargs) at lib/gitlab/database/migrations/foreign_key_helpers.rb:129}","4","4"
"cef4635053d364f18921f936c5ad2de0b0bb4219","CHANGE_SIGNATURE","{Method initialize(name, options, validations, route_path) at gems/gitlab-grape-openapi/lib/gitlab/grape_openapi/converters/parameter_converter.rb:13}","{Method initialize(name, options, validations, route) at gems/gitlab-grape-openapi/lib/gitlab/grape_openapi/converters/parameter_converter.rb:13}","6","6"
"cef4635053d364f18921f936c5ad2de0b0bb4219","MOVE","{Method remove_foreign_key_if_exists(source, target, **kwargs) at lib/gitlab/database/migration_helpers.rb:986}","{Method remove_foreign_key_if_exists(source, target, **kwargs) at lib/gitlab/database/migrations/foreign_key_helpers.rb:114}","14","14"
"cef4635053d364f18921f936c5ad2de0b0bb4219","RENAME","{Method validate_ref(ref) at app/graphql/resolvers/blobs_resolver.rb:54}","{Method validate_ref!(ref) at app/graphql/resolvers/blobs_resolver.rb:57}","5","5"
"cef4635053d364f18921f936c5ad2de0b0bb4219","MOVE","{Method multiple_columns(columns, separator) at lib/gitlab/database/migration_helpers.rb:1144}","{Method multiple_columns(columns, separator) at lib/gitlab/database/migrations/foreign_key_helpers.rb:154}","3","3"
"cef4635053d364f18921f936c5ad2de0b0bb4219","INLINE","{Method options() at gems/gitlab-grape-openapi/lib/gitlab/grape_openapi/converters/operation_converter.rb:105}","{Method convert() at gems/gitlab-grape-openapi/lib/gitlab/grape_openapi/converters/parameter_converter.rb:91}","3","10"
"cef4635053d364f18921f936c5ad2de0b0bb4219","CHANGE_SIGNATURE","{Method convert(name, options, route_path, validations) at gems/gitlab-grape-openapi/lib/gitlab/grape_openapi/converters/parameter_converter.rb:9}","{Method convert(name, options, route, validations) at gems/gitlab-grape-openapi/lib/gitlab/grape_openapi/converters/parameter_converter.rb:9}","3","3"
"cef4635053d364f18921f936c5ad2de0b0bb4219","EXTRACT","{Method resolve(paths, ref, ref_type) at app/graphql/resolvers/blobs_resolver.rb:35}","{Method build_ref_path_pairs(paths, ref, ref_type) at app/graphql/resolvers/blobs_resolver.rb:63}","16","4"
"cef4635053d364f18921f936c5ad2de0b0bb4219","RENAME","{Method resolve(paths, ref, ref_type) at app/graphql/resolvers/blobs_resolver.rb:35}","{Method resolve_with_lookahead(paths, ref, ref_type) at app/graphql/resolvers/blobs_resolver.rb:42}","16","14"
"cef4635053d364f18921f936c5ad2de0b0bb4219","MOVE","{Method on_delete_statement(on_delete) at lib/gitlab/database/migration_helpers.rb:1204}","{Method on_delete_statement(on_delete) at lib/gitlab/database/migrations/foreign_key_helpers.rb:165}","6","6"
"cef4635053d364f18921f936c5ad2de0b0bb4219","MOVE","{Method add_concurrent_foreign_key(source, target, column, **options) at lib/gitlab/database/migration_helpers.rb:261}","{Method add_concurrent_foreign_key(source, target, column, **options) at lib/gitlab/database/migrations/foreign_key_helpers.rb:31}","61","59"
"cef4635053d364f18921f936c5ad2de0b0bb4219","MOVE","{Method on_update_statement(on_update) at lib/gitlab/database/migration_helpers.rb:1211}","{Method on_update_statement(on_update) at lib/gitlab/database/migrations/foreign_key_helpers.rb:158}","6","6"
"cef4635053d364f18921f936c5ad2de0b0bb4219","MOVE","{Method execute_add_concurrent_foreign_key(source, target, options) at lib/gitlab/database/migration_helpers.rb:1261}","{Method execute_add_concurrent_foreign_key(source, target, options) at lib/gitlab/database/migrations/foreign_key_helpers.rb:172}","26","26"
"cef4635053d364f18921f936c5ad2de0b0bb4219","EXTRACT","{Method normalized_path() at gems/gitlab-grape-openapi/lib/gitlab/grape_openapi/converters/operation_converter.rb:85}","{Method normalize_path_pattern() at gems/gitlab-grape-openapi/lib/gitlab/grape_openapi/converters/operation_converter.rb:109}","7","7"
"04a117b0bd5876b68129bea403ef3504ee12fa88","CHANGE_SIGNATURE","{Method default(title, body, variant, show_icon, feature_id) at spec/components/previews/users/group_dismissible_alert_component_preview.rb:13}","{Method default(title, body, variant, feature_id) at spec/components/previews/users/group_dismissible_alert_component_preview.rb:12}","18","16"
"04a117b0bd5876b68129bea403ef3504ee12fa88","EXTRACT","{Method yield_pipelines(events_batch, records_yielder) at app/services/ci/click_house/data_ingestion/finished_pipelines_sync_service.rb:145}","{Method check_pipeline_errors(pipeline_attrs) at app/services/ci/click_house/data_ingestion/finished_pipelines_sync_service.rb:221}","34","5"
"04a117b0bd5876b68129bea403ef3504ee12fa88","CHANGE_SIGNATURE","{Method default(title, body, variant, show_icon, feature_id) at spec/components/previews/users/dismissible_alert_component_preview.rb:13}","{Method default(title, body, variant, feature_id) at spec/components/previews/users/dismissible_alert_component_preview.rb:12}","16","14"
"04a117b0bd5876b68129bea403ef3504ee12fa88","RENAME","{Method app_data() at app/components/rapid_diffs/commit_app_component.rb:10}","{Method extra_app_data() at app/components/rapid_diffs/commit_app_component.rb:16}","10","9"
"04a117b0bd5876b68129bea403ef3504ee12fa88","CHANGE_SIGNATURE","{Method packages_for_group_projects(installable_only) at app/finders/packages/group_packages_finder.rb:28}","{Method packages_for_group_projects() at app/finders/packages/group_packages_finder.rb:28}","13","13"
"04a117b0bd5876b68129bea403ef3504ee12fa88","MOVE","{Method initialize(presenter) at app/components/rapid_diffs/app_component.rb:14}","{Method initialize(presenter) at app/components/rapid_diffs/commit_app_component.rb:10}","3","3"
"04a117b0bd5876b68129bea403ef3504ee12fa88","CHANGE_SIGNATURE","{Method default(title, body, variant, show_icon, feature_id) at spec/components/previews/users/project_dismissible_alert_component_preview.rb:13}","{Method default(title, body, variant, feature_id) at spec/components/previews/users/project_dismissible_alert_component_preview.rb:12}","20","18"
"04a117b0bd5876b68129bea403ef3504ee12fa88","MOVE","{Method set_current_organization() at app/controllers/base_action_controller.rb:34}","{Method set_current_organization() at app/controllers/concerns/current_organization.rb:6}","11","11"
"04a117b0bd5876b68129bea403ef3504ee12fa88","EXTRACT","{Method yield_pipelines(events_batch, records_yielder) at app/services/ci/click_house/data_ingestion/finished_pipelines_sync_service.rb:145}","{Method fixup_pipeline_attrs(pipeline_attrs, pipeline_ids_to_project_namespace_ids, project_namespace_ids_to_paths) at app/services/ci/click_house/data_ingestion/finished_pipelines_sync_service.rb:211}","34","9"
"04a117b0bd5876b68129bea403ef3504ee12fa88","CHANGE_SIGNATURE","{Method log_pipeline_problem(pipeline, reason) at app/services/ci/click_house/data_ingestion/finished_pipelines_sync_service.rb:184}","{Method log_pipeline_problem(pipeline_id, reason) at app/services/ci/click_house/data_ingestion/finished_pipelines_sync_service.rb:231}","7","7"
"04a117b0bd5876b68129bea403ef3504ee12fa88","CHANGE_SIGNATURE","{Method initialize(title, variant, dismissible, show_icon, alert_options, close_button_options) at app/components/pajamas/alert_component.rb:20}","{Method initialize(title, variant, dismissible, alert_options, close_button_options) at app/components/pajamas/alert_component.rb:19}","10","9"
"9ecc64db96d72401aaed702a1f9e9a9b25f7e619"
"1978e5753c62898d5364a363aab532815ea0cff1"
"b638000408fc0100286733e03721d8719b63fbd8"
"734023c88defdc4b23b42102e78d5c35eb772dbe"
"6b254e0c15d9ed63986f2e9d7a1d13599d66007d","EXTRACT","{Method to_h() at app/presenters/projects/security/configuration_presenter.rb:11}","{Method secret_push_protection_available?() at app/presenters/projects/security/configuration_presenter.rb:46}","23","3"
"242cd1eb782f9a02e5123b175f4f6d2bf3a886a1"
"f359c35b830bb621792e5b9196ec050cf567d393","RENAME","{Method return_all_available_and_permited?() at app/finders/snippets_finder.rb:89}","{Method return_all_available_and_permitted?() at app/finders/snippets_finder.rb:101}","5","5"
"f359c35b830bb621792e5b9196ec050cf567d393","EXTRACT","{Method keyset_iterator_scope() at app/services/ci/click_house/data_ingestion/finished_pipelines_sync_service.rb:194}","{Method scope() at app/services/ci/click_house/data_ingestion/finished_pipelines_sync_service.rb:203}","22","3"
"c3cd149930f6ebabd3e034e65a378a3504697be7","CHANGE_SIGNATURE","{Method clone!(job, variables, enqueue_if_actionable, start_pipeline) at app/services/ci/retry_job_service.rb:21}","{Method clone!(job, variables, inputs, enqueue_if_actionable, start_pipeline) at app/services/ci/retry_job_service.rb:24}","42","46"
"c3cd149930f6ebabd3e034e65a378a3504697be7","MOVE","{Method smoothed_time_efficiency(number_of_jobs, alpha) at lib/gitlab/database/background_operation/common_worker.rb:179}","{Method smoothed_time_efficiency(number_of_jobs, alpha) at lib/gitlab/database/batch/efficiency_calculator.rb:31}","13","11"
"c3cd149930f6ebabd3e034e65a378a3504697be7","CHANGE_SIGNATURE","{Method execute(job, variables) at app/services/ci/retry_job_service.rb:7}","{Method execute(job, variables, inputs) at app/services/ci/retry_job_service.rb:7}","13","16"
"c3cd149930f6ebabd3e034e65a378a3504697be7","CHANGE_SIGNATURE","{Method execute(new_job_variables) at app/services/ci/clone_job_service.rb:10}","{Method execute(new_job_variables, new_job_inputs) at app/services/ci/clone_job_service.rb:10}","10","11"
"c3cd149930f6ebabd3e034e65a378a3504697be7","CHANGE_SIGNATURE","{Method resolve(id, variables) at app/graphql/mutations/ci/job/retry.rb:28}","{Method resolve(id, variables, inputs) at app/graphql/mutations/ci/job/retry.rb:34}","19","27"
"c3cd149930f6ebabd3e034e65a378a3504697be7","MOVE","{Method calculate_weighted_sums(efficiencies, alpha) at lib/gitlab/database/background_operation/common_worker.rb:228}","{Method calculate_weighted_sums(efficiencies, alpha) at lib/gitlab/database/batch/efficiency_calculator.rb:51}","7","7"
"c3cd149930f6ebabd3e034e65a378a3504697be7","EXTRACT","{Method should_optimize?() at lib/gitlab/database/batch/optimizer.rb:44}","{Method invalid_time_efficiency?() at lib/gitlab/database/batch/optimizer.rb:66}","5","3"
"c3cd149930f6ebabd3e034e65a378a3504697be7","MOVE","{Method function_expression_pattern() at lib/gitlab/ci/config/interpolation/functions/posix_quote.rb:9}","{Method function_expression_pattern() at lib/gitlab/ci/config/interpolation/functions/posix_escape.rb:9}","3","3"
"c3cd149930f6ebabd3e034e65a378a3504697be7","MOVE","{Method extract_valid_efficiencies(jobs) at lib/gitlab/database/background_operation/common_worker.rb:224}","{Method extract_valid_efficiencies() at lib/gitlab/database/batch/efficiency_calculator.rb:47}","3","3"
"c3cd149930f6ebabd3e034e65a378a3504697be7","EXTRACT_MOVE","{Method smoothed_time_efficiency(number_of_jobs, alpha) at lib/gitlab/database/background_operation/common_worker.rb:179}","{Method job_records() at lib/gitlab/database/batch/efficiency_calculator.rb:43}","13","3"
"c3cd149930f6ebabd3e034e65a378a3504697be7","MOVE","{Method execute(input_value) at lib/gitlab/ci/config/interpolation/functions/posix_quote.rb:17}","{Method execute(input_value) at lib/gitlab/ci/config/interpolation/functions/posix_escape.rb:17}","8","8"
"c3cd149930f6ebabd3e034e65a378a3504697be7","CHANGE_SIGNATURE","{Method retry_job(job, variables) at app/services/ci/retry_job_service.rb:74}","{Method retry_job(job, variables, inputs) at app/services/ci/retry_job_service.rb:81}","9","10"
"4c606bfd64ce0873b20bf6be394617b148d239a4","INLINE","{Method names() at app/finders/branches_finder.rb:23}","{Method diverging_commit_counts() at app/controllers/projects/branches_controller.rb:56}","3","18"
"4c606bfd64ce0873b20bf6be394617b148d239a4","MOVE_RENAME","{Method show_work_item?() at app/controllers/projects/issues_controller.rb:414}","{Method show_as_work_item?() at app/models/issue.rb:884}","6","7"
"4c606bfd64ce0873b20bf6be394617b148d239a4","EXTRACT_MOVE","{Method find_or_create_integration!() at app/services/integrations/slack_installation/project_service.rb:28}","{Method create_gitlab_slack_application_integration!() at spec/services/integrations/slack_installation/project_service_spec.rb:28}","3","3"
"4c606bfd64ce0873b20bf6be394617b148d239a4","EXTRACT","{Method execute() at app/services/integrations/slack_installation/base_service.rb:28}","{Method update_installation!(integration, installation, slack_data) at app/services/integrations/slack_installation/base_service.rb:69}","46","22"
"4c606bfd64ce0873b20bf6be394617b148d239a4","EXTRACT","{Method create_gitlab_slack_application_integration!() at spec/services/integrations/slack_installation/project_service_spec.rb:18}","{Method create_gitlab_slack_application_integration!() at spec/services/integrations/slack_installation/project_service_spec.rb:28}","3","3"
"bdba220d56f4394b5cc57684c02ba828ac46b4ac","EXTRACT","{Method resume_processing!() at lib/gitlab/sidekiq_middleware/concurrency_limit/queue_manager.rb:37}","{Method resume_processing_once!(redis) at lib/gitlab/sidekiq_middleware/concurrency_limit/queue_manager.rb:72}","18","9"
"dc5c980054bbfea65572aee01769903f12f5b142"
"1cd33b9838b76c0d90c5e2a6a72e2e58c2ead689"
"09a257fe0fd4bcca71ce6108e0541fdc7c912e85"
"0b7b362448476e768d7ac0bb252f22f56b96eaaa"
"183f85e7c6ca1218377e254477cee131b3e7f2a6"
"4afd460f1d40c18ba3247f2092f27117d92b9404","EXTRACT","{Method create_pipelines() at app/services/git/base_hooks_service.rb:58}","{Method create_pipeline?() at app/services/git/base_hooks_service.rb:68}","10","3"
"4afd460f1d40c18ba3247f2092f27117d92b9404","RENAME","{Method create_pipelines() at app/services/git/base_hooks_service.rb:58}","{Method create_pipeline() at app/services/git/base_hooks_service.rb:58}","10","9"
"c43a7ec533fc17228493356e66007018d859bf64","EXTRACT_MOVE","{Method up() at db/post_migrate/20251103123729_add_organization_id_to_unique_indexes_on_ci_runner_machines.rb:18}","{Method up() at db/post_migrate/20251111104555_remove_organization_id_from_unique_indexes_on_ci_runner_machines.rb:12}","15","3"
"41f8e39240aadb43a4dd563b100d2f82f93acadb","EXTRACT_MOVE","{Method disable_two_factor_otp!() at app/models/user.rb:1329}","{Method update!(dry_run) at scripts/update_fe_islands_ci.rb:13}","10","3"
"41f8e39240aadb43a4dd563b100d2f82f93acadb","RENAME","{Method destroy_webauthn_device(device_id) at app/models/user.rb:1344}","{Method destroy_second_factor_webauthn_device(device_id) at app/models/user.rb:1344}","3","3"
"41f8e39240aadb43a4dd563b100d2f82f93acadb","RENAME","{Method destroy_webauthn_device() at app/services/webauthn/destroy_service.rb:36}","{Method destroy_second_factor_webauthn_device() at app/services/webauthn/destroy_service.rb:36}","5","5"
"41f8e39240aadb43a4dd563b100d2f82f93acadb","EXTRACT_MOVE","{Method execute() at app/services/webauthn/authenticate_service.rb:11}","{Method update!(dry_run) at scripts/update_fe_islands_ci.rb:13}","21","3"
"9f16332551bb773f54fc604244af977de32d892f"
"f2cfb2dc51f25fd15beac22f124bc956053ae572"
"cb184fa6d71c8b91befe4958be1c3f37076157c6"
"c7f70b2dbc316296289902e351e4d6cef681b1cb"
"7bc3350048fe0bcb86ad23495acf655ce2cee91f","MOVE","{Method error_type_from(exception) at app/controllers/glql/base_controller.rb:104}","{Method error_type_from(exception) at app/services/integrations/glql/query_service.rb:185}","10","12"
"7bc3350048fe0bcb86ad23495acf655ce2cee91f","EXTRACT_MOVE","{Method db_health_check!() at app/services/import/reassign_placeholder_user_records_service.rb:302}","{Method schema_connection(schema) at lib/import/reassign_placeholder_throttling.rb:83}","16","3"
"7bc3350048fe0bcb86ad23495acf655ce2cee91f","EXTRACT","{Method invoke(request, params, current_user) at lib/api/mcp/handlers/call_tool.rb:12}","{Method configure_tool_credentials(tool, current_user) at lib/api/mcp/handlers/call_tool.rb:33}","13","3"
"7bc3350048fe0bcb86ad23495acf655ce2cee91f","MOVE","{Method increment_rate_limit_counter() at app/controllers/glql/base_controller.rb:74}","{Method increment_rate_limit_counter() at app/services/integrations/glql/query_service.rb:154}","3","3"
"7bc3350048fe0bcb86ad23495acf655ce2cee91f","EXTRACT_MOVE","{Method increment_glql_sli(duration_s, error_type) at app/controllers/glql/base_controller.rb:82}","{Method caller_endpoint_id() at app/services/integrations/glql/query_service.rb:180}","21","4"
"7bc3350048fe0bcb86ad23495acf655ce2cee91f","MOVE","{Method db_health_check!() at app/services/import/reassign_placeholder_user_records_service.rb:302}","{Method db_health_check!() at lib/import/reassign_placeholder_throttling.rb:41}","16","17"
"7bc3350048fe0bcb86ad23495acf655ce2cee91f","MOVE","{Method increment_glql_sli(duration_s, error_type) at app/controllers/glql/base_controller.rb:82}","{Method increment_glql_sli(duration_s, error_type) at app/services/integrations/glql/query_service.rb:158}","21","21"
"7bc3350048fe0bcb86ad23495acf655ce2cee91f","CHANGE_SIGNATURE","{Method initialize(repository, tag) at lib/gitlab/signed_tag.rb:26}","{Method initialize(repository, context) at lib/gitlab/signed_tag.rb:50}","4","4"
"7bc3350048fe0bcb86ad23495acf655ce2cee91f","EXTRACT_MOVE","{Method reassign_placeholder_references() at app/services/import/reassign_placeholder_user_records_service.rb:101}","{Method unavailable_tables?() at lib/import/reassign_placeholder_throttling.rb:59}","46","3"
"7bc3350048fe0bcb86ad23495acf655ce2cee91f","MOVE_RENAME","{Method db_table_unavailable?(model) at app/services/import/reassign_placeholder_user_records_service.rb:292}","{Method autovacuum_active?(model) at lib/import/reassign_placeholder_throttling.rb:67}","9","9"
"7bc3350048fe0bcb86ad23495acf655ce2cee91f","MOVE","{Method check_rate_limit() at app/controllers/glql/base_controller.rb:67}","{Method check_rate_limit() at app/services/integrations/glql/query_service.rb:103}","6","6"
"7bc3350048fe0bcb86ad23495acf655ce2cee91f","CHANGE_SIGNATURE","{Method initialize(import_source_user, sleep_time) at app/services/import/direct_reassign_service.rb:70}","{Method initialize(import_source_user, reassignment_throttling, sleep_time) at app/services/import/direct_reassign_service.rb:70}","6","7"
"7bc3350048fe0bcb86ad23495acf655ce2cee91f","EXTRACT_MOVE","{Method reassign_placeholder_references() at app/services/import/reassign_placeholder_user_records_service.rb:101}","{Method db_table_unavailable?(model_relation) at lib/import/reassign_placeholder_throttling.rb:32}","46","8"
"7bc3350048fe0bcb86ad23495acf655ce2cee91f","EXTRACT","{Method invoke(request, params, current_user) at lib/api/mcp/handlers/call_tool.rb:12}","{Method fetch_tool(tool_name, session_id, current_user) at lib/api/mcp/handlers/call_tool.rb:26}","13","6"
"1ac3d6f7c68f479f794ad8405af2c3252d34fe1b","MOVE","{Method select_fields_to_insert_sql() at lib/gitlab/background_migration/backfill_related_epic_links_to_issue_links.rb:28}","{Method select_fields_to_insert_sql() at lib/gitlab/background_migration/requeue_backfill_related_epic_links_to_issue_links.rb:28}","9","9"
"1ac3d6f7c68f479f794ad8405af2c3252d34fe1b","MOVE","{Method perform() at lib/gitlab/background_migration/backfill_work_item_hierarchy_for_epics.rb:19}","{Method perform() at lib/gitlab/background_migration/requeue_backfill_work_item_hierarchy_for_epics.rb:19}","5","5"
"1ac3d6f7c68f479f794ad8405af2c3252d34fe1b","MOVE","{Method build_relationship(parents_and_children_batch) at lib/gitlab/background_migration/backfill_work_item_hierarchy_for_epics.rb:49}","{Method build_relationship(parents_and_children_batch) at lib/gitlab/background_migration/requeue_backfill_work_item_hierarchy_for_epics.rb:49}","16","16"
"1ac3d6f7c68f479f794ad8405af2c3252d34fe1b","MOVE","{Method joins_target_and_source_epic_sql() at lib/gitlab/background_migration/backfill_related_epic_links_to_issue_links.rb:38}","{Method joins_target_and_source_epic_sql() at lib/gitlab/background_migration/requeue_backfill_related_epic_links_to_issue_links.rb:38}","6","6"
"1ac3d6f7c68f479f794ad8405af2c3252d34fe1b","EXTRACT","{Method build_matchers(project) at app/models/ci/build.rb:427}","{Method new_build_matchers(project) at app/models/ci/build.rb:433}","15","20"
"1ac3d6f7c68f479f794ad8405af2c3252d34fe1b","MOVE","{Method batch_attributes(sub_batch) at lib/gitlab/background_migration/backfill_epic_issues_into_work_item_parent_links.rb:60}","{Method batch_attributes(sub_batch) at lib/gitlab/background_migration/requeue_backfill_epic_issues_into_work_item_parent_links.rb:60}","14","14"
"1ac3d6f7c68f479f794ad8405af2c3252d34fe1b","MOVE","{Method create_epic_with_work_item(iid, title) at spec/lib/gitlab/background_migration/backfill_related_epic_links_to_issue_links_spec.rb:93}","{Method create_epic_with_work_item(iid, title) at spec/lib/gitlab/background_migration/requeue_backfill_related_epic_links_to_issue_links_spec.rb:98}","19","19"
"1ac3d6f7c68f479f794ad8405af2c3252d34fe1b","MOVE","{Method epic_issues() at lib/gitlab/background_migration/backfill_epic_issues_into_work_item_parent_links.rb:89}","{Method epic_issues() at lib/gitlab/background_migration/requeue_backfill_epic_issues_into_work_item_parent_links.rb:89}","3","3"
"1ac3d6f7c68f479f794ad8405af2c3252d34fe1b","EXTRACT","{Method build_matchers(project) at app/models/ci/build.rb:427}","{Method legacy_build_matchers(project) at app/models/ci/build.rb:454}","15","15"
"1ac3d6f7c68f479f794ad8405af2c3252d34fe1b","MOVE","{Method backfill_epics_dates(sub_batch) at lib/gitlab/background_migration/backfill_epic_dates_to_work_item_dates_sources.rb:27}","{Method backfill_epics_dates(sub_batch) at lib/gitlab/background_migration/rerun_epic_dates_to_work_item_dates_sources_sync.rb:27}","8","8"
"1ac3d6f7c68f479f794ad8405af2c3252d34fe1b","MOVE","{Method build_work_items_dates_source(epics_batch) at lib/gitlab/background_migration/backfill_epic_dates_to_work_item_dates_sources.rb:36}","{Method build_work_items_dates_source(epics_batch) at lib/gitlab/background_migration/rerun_epic_dates_to_work_item_dates_sources_sync.rb:36}","23","23"
"1ac3d6f7c68f479f794ad8405af2c3252d34fe1b","MOVE","{Method upsert_by_epics(sub_batch) at lib/gitlab/background_migration/backfill_epic_issues_into_work_item_parent_links.rb:75}","{Method upsert_by_epics(sub_batch) at lib/gitlab/background_migration/requeue_backfill_epic_issues_into_work_item_parent_links.rb:75}","7","7"
"1ac3d6f7c68f479f794ad8405af2c3252d34fe1b","MOVE","{Method create_epic_with_work_item(iid, title, parent_id, relative_position) at spec/lib/gitlab/background_migration/backfill_work_item_hierarchy_for_epics_spec.rb:102}","{Method create_epic_with_work_item(iid, title, parent_id, relative_position) at spec/lib/gitlab/background_migration/requeue_backfill_work_item_hierarchy_for_epics_spec.rb:107}","21","21"
"1ac3d6f7c68f479f794ad8405af2c3252d34fe1b","MOVE","{Method upsert_records(records) at lib/gitlab/background_migration/backfill_epic_issues_into_work_item_parent_links.rb:52}","{Method upsert_records(records) at lib/gitlab/background_migration/requeue_backfill_epic_issues_into_work_item_parent_links.rb:52}","7","7"
"1ac3d6f7c68f479f794ad8405af2c3252d34fe1b","MOVE","{Method create_related_epic_link(source, target, link_type) at spec/lib/gitlab/background_migration/backfill_related_epic_links_to_issue_links_spec.rb:113}","{Method create_related_epic_link(source, target, link_type) at spec/lib/gitlab/background_migration/requeue_backfill_related_epic_links_to_issue_links_spec.rb:118}","7","7"
"1ac3d6f7c68f479f794ad8405af2c3252d34fe1b","RENAME","{Method expand_needs(job_needs) at lib/gitlab/ci/config/normalizer.rb:49}","{Method expand_parallelized_needs(job_needs) at lib/gitlab/ci/config/normalizer.rb:93}","17","18"
"1ac3d6f7c68f479f794ad8405af2c3252d34fe1b","MOVE","{Method perform() at lib/gitlab/background_migration/backfill_epic_issues_into_work_item_parent_links.rb:24}","{Method perform() at lib/gitlab/background_migration/requeue_backfill_epic_issues_into_work_item_parent_links.rb:24}","19","19"
"1ac3d6f7c68f479f794ad8405af2c3252d34fe1b","MOVE","{Method backfill_work_item_parent_links(sub_batch) at lib/gitlab/background_migration/backfill_work_item_hierarchy_for_epics.rb:27}","{Method backfill_work_item_parent_links(sub_batch) at lib/gitlab/background_migration/requeue_backfill_work_item_hierarchy_for_epics.rb:27}","21","21"
"1ac3d6f7c68f479f794ad8405af2c3252d34fe1b","MOVE","{Method upsert_by_epic_issues(sub_batch) at lib/gitlab/background_migration/backfill_epic_issues_into_work_item_parent_links.rb:83}","{Method upsert_by_epic_issues(sub_batch) at lib/gitlab/background_migration/requeue_backfill_epic_issues_into_work_item_parent_links.rb:83}","5","5"
"1ac3d6f7c68f479f794ad8405af2c3252d34fe1b","MOVE","{Method perform() at lib/gitlab/background_migration/backfill_related_epic_links_to_issue_links.rb:9}","{Method perform() at lib/gitlab/background_migration/requeue_backfill_related_epic_links_to_issue_links.rb:9}","16","16"
"1ac3d6f7c68f479f794ad8405af2c3252d34fe1b","RENAME","{Method expand_names(job_names) at lib/gitlab/ci/config/normalizer.rb:41}","{Method expand_parallelized_job_names(job_names) at lib/gitlab/ci/config/normalizer.rb:85}","7","7"
"1ac3d6f7c68f479f794ad8405af2c3252d34fe1b","MOVE","{Method perform() at lib/gitlab/background_migration/backfill_epic_dates_to_work_item_dates_sources.rb:19}","{Method perform() at lib/gitlab/background_migration/rerun_epic_dates_to_work_item_dates_sources_sync.rb:19}","5","5"
"1ac3d6f7c68f479f794ad8405af2c3252d34fe1b","MOVE","{Method scope_by_arguments(relation) at lib/gitlab/background_migration/backfill_epic_issues_into_work_item_parent_links.rb:46}","{Method scope_by_arguments(relation) at lib/gitlab/background_migration/requeue_backfill_epic_issues_into_work_item_parent_links.rb:46}","5","5"
"2c7f2598bb6bbfa01ab83f3df4dd864486c12161","CHANGE_SIGNATURE","{Method actual_value(param) at lib/ci/inputs/base_input.rb:41}","{Method actual_value(param, all_params) at lib/ci/inputs/base_input.rb:41}","4","9"
"2c7f2598bb6bbfa01ab83f3df4dd864486c12161","CHANGE_SIGNATURE","{Method present_package_file!(package_file, supports_direct_download, content_disposition) at lib/api/helpers/packages_helpers.rb:140}","{Method present_package_file!(package_file, supports_direct_download, content_disposition, extra_response_headers) at lib/api/helpers/packages_helpers.rb:140}","9","16"
"2c7f2598bb6bbfa01ab83f3df4dd864486c12161","CHANGE_SIGNATURE","{Method validate_param!(param) at lib/ci/inputs/base_input.rb:33}","{Method validate_param!(param, all_params) at lib/ci/inputs/base_input.rb:33}","7","7"
"2c7f2598bb6bbfa01ab83f3df4dd864486c12161","CHANGE_SIGNATURE","{Method validate_options(_value) at lib/ci/inputs/base_input.rb:117}","{Method validate_options(_value, _all_params) at lib/ci/inputs/base_input.rb:140}","5","5"
"2c7f2598bb6bbfa01ab83f3df4dd864486c12161","CHANGE_SIGNATURE","{Method run_validations(value, default) at lib/ci/inputs/base_input.rb:103}","{Method run_validations(value, all_params, default) at lib/ci/inputs/base_input.rb:126}","7","7"
"2c7f2598bb6bbfa01ab83f3df4dd864486c12161","CHANGE_SIGNATURE","{Method validate_options(value) at lib/ci/inputs/number_input.rb:20}","{Method validate_options(value, all_params) at lib/ci/inputs/number_input.rb:20}","6","7"
"2c7f2598bb6bbfa01ab83f3df4dd864486c12161","CHANGE_SIGNATURE","{Method validate_options(value) at lib/ci/inputs/string_input.rb:31}","{Method validate_options(value, all_params) at lib/ci/inputs/string_input.rb:31}","6","7"
"c97944dbfbac7033db52037bc14e5c4c25028fa0","CHANGE_SIGNATURE","{Method render_colored_label(label, suffix) at app/helpers/labels_helper.rb:60}","{Method render_colored_label(label, in_reference) at app/helpers/labels_helper.rb:63}","8","8"
"af3ab05e78f14c4f76d2838aa14efc3b222c1bfb"
"26cfe19055472b13f9ca4e6b01ffdafc3bf89232"
"3af1db49d98b5988373828e784a5dd0834719dbb","CHANGE_SIGNATURE","{Method initialize(worker_index, total_workers) at app/services/ci/click_house/data_ingestion/finished_pipelines_sync_service.rb:40}","{Method initialize(worker_index, total_workers, logger) at app/services/ci/click_house/data_ingestion/finished_pipelines_sync_service.rb:40}","5","6"
"47933ecefc98a048b654669d1fcd09c2f761ab22"
"c817e907f46692bb58fd8239a07e9681abc42513"
"126d3cd1c1b78664dc677c11d359c453b455e503"
"fc7a1e7f77987e5c8cb0416f896bb9afeb388864"
"b4863dcec1d1574389699fe5a5c94e3e0f72a053"
"af51699432a9ad90437ac13267fc851cb507c3e2","CHANGE_SIGNATURE","{Method add_member(user, access_level, current_user, expires_at) at app/models/project_team.rb:60}","{Method add_member(user, access_level, current_user, expires_at, immediately_sync_authorizations) at app/models/project_team.rb:63}","8","10"
"d5adc1c48d10d405a5d77fda34bb78b295472eb2"
"cc6f61172d420ce157c3c5718b66a44600547ada"
"606f948f8156b7369c89a9a3e0642c7ca1940ad4"
"9f2254049ec2fbc265e0b6e69df03c06cfc775a2"
"a2bdc97fee045beffc9de85206cae1d18026949e"
"4340d3aed472eb57aa3b95ded3b0a615a1f08488"
"f67f94cf028523e79a3d206d3e7f7157cfcfd3d9"
"bbe2d98eef1c7f27d5976941e52c76ddc2fe7f2e","EXTRACT","{Method process_without_instrumentation(locations) at lib/gitlab/ci/config/external/mapper/matcher.rb:14}","{Method new_file_class(file_class, location) at lib/gitlab/ci/config/external/mapper/matcher.rb:33}","18","3"
"bbe2d98eef1c7f27d5976941e52c76ddc2fe7f2e","EXTRACT","{Method initialize(values, context) at lib/gitlab/ci/config/external/processor.rb:12}","{Method mapper() at lib/gitlab/ci/config/external/processor.rb:34}","9","3"
"bbe2d98eef1c7f27d5976941e52c76ddc2fe7f2e","CHANGE_SIGNATURE","{Method load!(content, context, inputs) at lib/gitlab/ci/config/yaml.rb:10}","{Method load!(content, context, inputs, external_context) at lib/gitlab/ci/config/yaml.rb:10}","8","9"
"bbe2d98eef1c7f27d5976941e52c76ddc2fe7f2e","EXTRACT_MOVE","{Method process_without_instrumentation() at lib/gitlab/ci/config/external/mapper.rb:35}","{Method get_files_and_verify_locations(locations) at lib/gitlab/ci/config/external/header/mapper.rb:13}","11","6"
"bbe2d98eef1c7f27d5976941e52c76ddc2fe7f2e","EXTRACT","{Method process_without_instrumentation() at lib/gitlab/ci/config/external/mapper.rb:35}","{Method get_files_and_verify_locations(locations) at lib/gitlab/ci/config/external/mapper.rb:44}","11","6"
"bbe2d98eef1c7f27d5976941e52c76ddc2fe7f2e","CHANGE_SIGNATURE","{Method initialize(config, args, yaml_context) at lib/gitlab/ci/config/interpolation/interpolator.rb:13}","{Method initialize(config, args, yaml_context, external_context) at lib/gitlab/ci/config/interpolation/interpolator.rb:13}","7","8"
"bbe2d98eef1c7f27d5976941e52c76ddc2fe7f2e","CHANGE_SIGNATURE","{Method initialize(content, inputs, context) at lib/gitlab/ci/config/yaml/loader.rb:13}","{Method initialize(content, inputs, context, external_context) at lib/gitlab/ci/config/yaml/loader.rb:13}","5","6"
"0a59973d906127978584e7d18118c6e0102cbda8"
"93463665a88b0cc9a021daf797d83b11d2c18104"
"5ea4c449c3993176fdad4f5b5ec71b155d9f7659"
"eb66eb3fb90459b3896201bb2c056dd553fabf2d","INLINE","{Method role_too_high?(access_requester) at app/services/members/approve_access_request_service.rb:50}","{Method can_approve_access_requester?(access_requester) at app/services/members/approve_access_request_service.rb:40}","3","4"
"23246f510cc31a680b6d7bfd43a425230d6dc4e5","MOVE","{Method description() at app/services/mcp/tools/custom_service.rb:64}","{Method description() at app/services/mcp/tools/concerns/versionable.rb:61}","3","3"
"23246f510cc31a680b6d7bfd43a425230d6dc4e5","MOVE","{Method current_count() at lib/gitlab/sidekiq_middleware/concurrency_limit/middleware_v2.rb:119}","{Method current_count() at lib/gitlab/sidekiq_middleware/concurrency_limit/middleware.rb:119}","3","3"
"23246f510cc31a680b6d7bfd43a425230d6dc4e5","MOVE","{Method version_metadata() at app/services/mcp/tools/custom_service.rb:128}","{Method version_metadata() at app/services/mcp/tools/concerns/versionable.rb:91}","3","3"
"23246f510cc31a680b6d7bfd43a425230d6dc4e5","CHANGE_SIGNATURE","{Method lazy_cached_signature() at lib/gitlab/signed_tag.rb:42}","{Method lazy_cached_signature(timeout) at lib/gitlab/signed_tag.rb:46}","20","21"
"23246f510cc31a680b6d7bfd43a425230d6dc4e5","CHANGE_SIGNATURE","{Method batch_write_cached_signatures(signed_tags) at lib/gitlab/signed_tag.rb:15}","{Method batch_write_cached_signatures(signed_tags, timeout) at lib/gitlab/signed_tag.rb:16}","9","8"
"23246f510cc31a680b6d7bfd43a425230d6dc4e5","MOVE","{Method latest_version() at app/services/mcp/tools/custom_service.rb:18}","{Method latest_version() at app/services/mcp/tools/concerns/versionable.rb:16}","5","5"
"23246f510cc31a680b6d7bfd43a425230d6dc4e5","MOVE","{Method input_schema() at app/services/mcp/tools/custom_service.rb:68}","{Method input_schema() at app/services/mcp/tools/concerns/versionable.rb:65}","3","5"
"23246f510cc31a680b6d7bfd43a425230d6dc4e5","MOVE","{Method version_exists?(version) at app/services/mcp/tools/custom_service.rb:32}","{Method version_exists?(version) at app/services/mcp/tools/concerns/versionable.rb:30}","5","5"
"23246f510cc31a680b6d7bfd43a425230d6dc4e5","MOVE","{Method over_the_limit?() at lib/gitlab/sidekiq_middleware/concurrency_limit/middleware_v2.rb:109}","{Method over_the_limit?() at lib/gitlab/sidekiq_middleware/concurrency_limit/middleware.rb:109}","9","9"
"23246f510cc31a680b6d7bfd43a425230d6dc4e5","EXTRACT_MOVE","{Method initialize(name, version) at app/services/mcp/tools/custom_service.rb:48}","{Method initialize_version(version) at app/services/mcp/tools/concerns/versionable.rb:45}","11","10"
"23246f510cc31a680b6d7bfd43a425230d6dc4e5","MOVE","{Method register_version(version, metadata) at app/services/mcp/tools/custom_service.rb:12}","{Method register_version(version, metadata) at app/services/mcp/tools/concerns/versionable.rb:10}","4","5"
"23246f510cc31a680b6d7bfd43a425230d6dc4e5","CHANGE_SIGNATURE","{Method extract_signature_lazily(repository, tag_id) at lib/gitlab/git/tag.rb:31}","{Method extract_signature_lazily(repository, tag_id, timeout) at lib/gitlab/git/tag.rb:31}","10","10"
"23246f510cc31a680b6d7bfd43a425230d6dc4e5","CHANGE_SIGNATURE","{Method process_build(build) at app/workers/ci/build_finished_worker.rb:34}","{Method process_build(build, pipeline) at app/workers/ci/build_finished_worker.rb:35}","31","31"
"23246f510cc31a680b6d7bfd43a425230d6dc4e5","MOVE","{Method version_metadata(version) at app/services/mcp/tools/custom_service.rb:39}","{Method version_metadata(version) at app/services/mcp/tools/concerns/versionable.rb:37}","5","5"
"23246f510cc31a680b6d7bfd43a425230d6dc4e5","MOVE","{Method version_method_suffix() at app/services/mcp/tools/custom_service.rb:132}","{Method version_method_suffix() at app/services/mcp/tools/concerns/versionable.rb:95}","3","3"
"23246f510cc31a680b6d7bfd43a425230d6dc4e5","EXTRACT_MOVE","{Method initialize(name, version) at app/services/mcp/tools/custom_service.rb:48}","{Method version() at app/services/mcp/tools/concerns/versionable.rb:57}","11","3"
"23246f510cc31a680b6d7bfd43a425230d6dc4e5","CHANGE_SIGNATURE","{Method get_tag_signatures(tag_ids) at lib/gitlab/gitaly_client/ref_service.rb:218}","{Method get_tag_signatures(tag_ids, timeout) at lib/gitlab/gitaly_client/ref_service.rb:218}","20","20"
"23246f510cc31a680b6d7bfd43a425230d6dc4e5","CHANGE_SIGNATURE","{Method batch_signature_extraction(repository, tag_ids) at lib/gitlab/git/tag.rb:42}","{Method batch_signature_extraction(repository, tag_ids, timeout) at lib/gitlab/git/tag.rb:42}","3","3"
"23246f510cc31a680b6d7bfd43a425230d6dc4e5","MOVE","{Method perform_default(_arguments) at spec/services/mcp/tools/custom_service_spec.rb:457}","{Method perform_default(_arguments) at spec/services/mcp/tools/concerns/versionable_spec.rb:364}","6","6"
"23246f510cc31a680b6d7bfd43a425230d6dc4e5","MOVE","{Method available_versions() at app/services/mcp/tools/custom_service.rb:25}","{Method available_versions() at app/services/mcp/tools/concerns/versionable.rb:23}","5","5"
"23246f510cc31a680b6d7bfd43a425230d6dc4e5","CHANGE_SIGNATURE","{Method initialize(repository, ref_type, search, sort_by, per_page, page_token) at lib/gitlab/git/finders/refs_finder.rb:9}","{Method initialize(repository, ref_type, search, sort_by, per_page, page_token, ref_names) at lib/gitlab/git/finders/refs_finder.rb:25}","8","9"
"23246f510cc31a680b6d7bfd43a425230d6dc4e5","CHANGE_SIGNATURE","{Method signature_data() at lib/gitlab/signed_tag.rb:34}","{Method signature_data(timeout) at lib/gitlab/signed_tag.rb:35}","3","6"
"f682504b221313d25369144ad047ed5d9a2c595d","EXTRACT","{Method webauthn_authentication_data(user, params, admin_mode) at app/helpers/sessions_helper.rb:43}","{Method verification_data_for_js(user) at app/helpers/sessions_helper.rb:39}","30","10"
"5f3e40d274a061e8b8d3e4cd8666014ab3659307","CHANGE_SIGNATURE","{Method claims_records_attribute_for(attribute, config, value) at spec/support/shared_examples/cells/claims_shared_examples.rb:23}","{Method claims_records_attribute_for(instance, attribute, config, value) at spec/support/shared_examples/cells/claims_shared_examples.rb:24}","6","6"
"5f3e40d274a061e8b8d3e4cd8666014ab3659307","MOVE","{Method find_project(project_id) at app/services/mcp/tools/custom_service.rb:107}","{Method find_project(project_id) at app/services/mcp/tools/concerns/resource_finder.rb:9}","15","14"
"01afc4b887e4432e06d2436228ace1f388689236"
"79ffd4b439f3afa30d0f543dc44a68a546fd1676"
"949c4fb501b3930e00d1256d6537ff8bbf34494f"
"348f6c224908f801f80c07129816b07e67335f6e"
"7db752d58c81cc557d081d7f3c299b32df5b8c02"
"b4c720af95698c4f4d21474324257edae16875bd"
"6545825b76f8e40e4e7032708db206d01b4aa560","MOVE_RENAME","{Method register_entity(entity) at gems/gitlab-grape-openapi/lib/gitlab/grape_openapi/generator.rb:72}","{Method register(entity, schema_registry) at gems/gitlab-grape-openapi/lib/gitlab/grape_openapi/converters/entity_converter.rb:15}","18","18"
"6545825b76f8e40e4e7032708db206d01b4aa560","MOVE","{Method grape_entity?(klass) at gems/gitlab-grape-openapi/lib/gitlab/grape_openapi/converters/response_converter.rb:151}","{Method grape_entity?(klass) at gems/gitlab-grape-openapi/lib/gitlab/grape_openapi/converters/entity_converter.rb:34}","3","3"
"c6dd37722340a07260543cd3cac573503a68caed","EXTRACT_MOVE","{Method source_parent_param() at lib/gitlab/gfm/reference_rewriter.rb:118}","{Method owner_entity() at app/models/namespaces/project_namespace.rb:53}","10","3"
"c6dd37722340a07260543cd3cac573503a68caed","EXTRACT_MOVE","{Method execute(initialize_callbacks) at app/services/issues/build_service.rb:7}","{Method owner_entity() at app/models/namespaces/project_namespace.rb:53}","17","3"
"c6dd37722340a07260543cd3cac573503a68caed","EXTRACT_MOVE","{Method handle_container_type(container) at app/services/base_container_service.rb:49}","{Method owner_entity() at app/models/namespaces/project_namespace.rb:53}","10","3"
"c6dd37722340a07260543cd3cac573503a68caed","EXTRACT_MOVE","{Method handle_container_type(container) at app/services/system_notes/base_service.rb:33}","{Method owner_entity() at app/models/namespaces/project_namespace.rb:53}","10","3"
"c6dd37722340a07260543cd3cac573503a68caed","EXTRACT_MOVE","{Method message_for_namespace(namespace, messages) at app/helpers/namespaces/namespace_helper.rb:7}","{Method owner_entity_name() at app/models/project.rb:1336}","11","3"
"80d64ef519e6beec4a278bd747188ecf4e85edf1","EXTRACT","{Method schedule_worker(worker) at app/workers/concurrency_limit/resume_worker.rb:42}","{Method queue_for_worker(worker) at app/workers/concurrency_limit/resume_worker.rb:108}","13","3"
"0f0876e7329567980a0f3020c2bd4953caa15265","EXTRACT_MOVE","{Method down() at db/post_migrate/20250429171748_queue_fix_incomplete_external_audit_destinations.rb:22}","{Method down() at db/post_migrate/20251027170720_queue_fix_incomplete_instance_external_audit_destinations_v2.rb:29}","3","3"
"0f0876e7329567980a0f3020c2bd4953caa15265","EXTRACT_MOVE","{Method down() at db/post_migrate/20250429171748_queue_fix_incomplete_external_audit_destinations.rb:22}","{Method down() at db/post_migrate/20251030191257_queue_fix_incomplete_group_external_audit_destinations_v2.rb:29}","3","3"
"0f0876e7329567980a0f3020c2bd4953caa15265","EXTRACT_MOVE","{Method down() at db/post_migrate/20250429171801_queue_fix_incomplete_instance_external_audit_destinations.rb:22}","{Method down() at db/post_migrate/20251030191257_queue_fix_incomplete_group_external_audit_destinations_v2.rb:29}","3","3"
"0f0876e7329567980a0f3020c2bd4953caa15265","EXTRACT_MOVE","{Method down() at db/post_migrate/20250429171801_queue_fix_incomplete_instance_external_audit_destinations.rb:22}","{Method down() at db/post_migrate/20251027170720_queue_fix_incomplete_instance_external_audit_destinations_v2.rb:29}","3","3"
"b35489b5b698b41a48ff228f7c43cfb40c8cd9f6","CHANGE_SIGNATURE","{Method initialize(current_user, request) at lib/gitlab/auth/two_factor_auth_verifier.rb:8}","{Method initialize(current_user, request, treat_email_otp_as_2fa) at lib/gitlab/auth/two_factor_auth_verifier.rb:19}","4","5"
"ed6f12dce028a505fc8934a5ea42ff34ac19f8c8","CHANGE_SIGNATURE","{Method initialize() at lib/gitlab/utils/execution_tracker.rb:12}","{Method initialize(max_runtime) at lib/gitlab/utils/execution_tracker.rb:12}","3","4"
"fcebe3194ebe2319f09a81b12795d57c37fb7225","RENAME","{Method skipped_mergeable_checks(options) at app/models/merge_request.rb:1483}","{Method skipped_auto_merge_checks(options) at app/models/merge_request.rb:1483}","19","19"
"03019b320557f7193c87f480930f78c8e8aee599","EXTRACT","{Method execute() at app/services/loose_foreign_keys/batch_cleaner_service.rb:36}","{Method cleanup_loose_foreign_keys() at app/services/loose_foreign_keys/batch_cleaner_service.rb:75}","26","5"
"03019b320557f7193c87f480930f78c8e8aee599","EXTRACT","{Method execute() at app/services/loose_foreign_keys/batch_cleaner_service.rb:36}","{Method legacy_cleanup_loose_foreign_keys() at app/services/loose_foreign_keys/batch_cleaner_service.rb:57}","26","17"
"3b7461285fbdb5b77d7b6bcf1f466051d95fe680"
"1cb47255384a612ff426d7c95dbbfe224eda02ef","CHANGE_SIGNATURE","{Method stub_config(messages) at spec/support/helpers/stub_configuration.rb:45}","{Method stub_config(messages, config) at spec/support/helpers/stub_configuration.rb:49}","3","3"
"f624051f31d36df5ddee4ad172f7cf8b1e433266"
"56de2e2f4966a4b1e4cf32a12cc50e6eb0ab08e7"
"ef2bff2c9435e153a5044f60044ce1472c215732"
"760cad78443c336b29a0b393fde0aef0df5b6035","CHANGE_SIGNATURE","{Method initialize(project, repository, current_user, refs) at app/finders/ci/commit_statuses_finder.rb:7}","{Method initialize(project, repository, current_user, refs, ref_type) at app/finders/ci/commit_statuses_finder.rb:7}","6","7"
"d38bf6024fcf6b37145c709acf839ff403e22d42","CHANGE_SIGNATURE","{Method initialize(project, current_user, source, workload_definition, create_branch, source_branch, ci_variables_included) at app/services/ci/workloads/run_workload_service.rb:14}","{Method initialize(project, current_user, source, workload_definition, ref, ci_variables_included) at app/services/ci/workloads/run_workload_service.rb:14}","11","10"
"d38bf6024fcf6b37145c709acf839ff403e22d42","MOVE_RENAME","{Method create_repository_branch(source_branch) at app/services/ci/workloads/run_workload_service.rb:75}","{Method execute() at app/services/ci/workloads/workload_branch_service.rb:12}","16","20"
"418f9687f0b4394ed90c8e8347da5545b9b7ac5b"
"477927fbb0ecb02b1fed27c25e48b0ff7f159b10"
"93bf3d11aa5ed2bb5b12fca75aa2875681f2e9fb"
"ce226f8e2dafc153e37e0149d1043fca1a0bddf6","EXTRACT","{Method fetch_stats(repo, commit) at lib/gitlab/git/commit_stats.rb:25}","{Method cache_key(repo) at lib/gitlab/git/commit_stats.rb:49}","9","3"
"ce226f8e2dafc153e37e0149d1043fca1a0bddf6","CHANGE_SIGNATURE","{Method stick(namespace, id) at lib/gitlab/database/load_balancing/sticking.rb:47}","{Method stick(namespace, id, hash_id) at lib/gitlab/database/load_balancing/sticking.rb:57}","6","8"
"ce226f8e2dafc153e37e0149d1043fca1a0bddf6","CHANGE_SIGNATURE","{Method bulk_stick(namespace, ids) at lib/gitlab/database/load_balancing/sticking.rb:54}","{Method bulk_stick(namespace, ids, hash_id) at lib/gitlab/database/load_balancing/sticking.rb:66}","8","10"
"ce226f8e2dafc153e37e0149d1043fca1a0bddf6","CHANGE_SIGNATURE","{Method work_items_consolidated_list_enabled?() at app/models/project.rb:3517}","{Method work_items_consolidated_list_enabled?(user) at app/models/project.rb:3517}","5","7"
"ce226f8e2dafc153e37e0149d1043fca1a0bddf6","CHANGE_SIGNATURE","{Method work_items_consolidated_list_enabled?() at app/models/group.rb:1173}","{Method work_items_consolidated_list_enabled?(user) at app/models/group.rb:1173}","4","6"
"ce226f8e2dafc153e37e0149d1043fca1a0bddf6","CHANGE_SIGNATURE","{Method find_caught_up_replica(namespace, id, use_primary_on_failure, use_primary_on_empty_location) at lib/gitlab/database/load_balancing/sticking.rb:24}","{Method find_caught_up_replica(namespace, id, use_primary_on_failure, use_primary_on_empty_location, hash_id) at lib/gitlab/database/load_balancing/sticking.rb:26}","20","26"
"ce226f8e2dafc153e37e0149d1043fca1a0bddf6","CHANGE_SIGNATURE","{Method load_balancer_stick_request(model, namespace, id) at lib/gitlab/rack_load_balancing_helpers.rb:5}","{Method load_balancer_stick_request(model, namespace, id, hash_id) at lib/gitlab/rack_load_balancing_helpers.rb:5}","8","8"
"ce226f8e2dafc153e37e0149d1043fca1a0bddf6","CHANGE_SIGNATURE","{Method fetch_stats(repo, commit) at lib/gitlab/git/commit_stats.rb:25}","{Method fetch_stats(repo) at lib/gitlab/git/commit_stats.rb:37}","9","9"
"8befaae6e1e9298555b8e640eae0f3c799e319b5"
"6c32b237f30e0a312513384efa2ececef0b692ae"
"d5746ba8ec9520c30322b9d4e7129626be8a97b8","EXTRACT","{Method members_of_groups(groups) at app/finders/group_members_finder.rb:99}","{Method shared_members(shared_from_groups) at app/finders/group_members_finder.rb:99}","16","5"
"d5746ba8ec9520c30322b9d4e7129626be8a97b8","RENAME","{Method member_columns_with_group_sharing_access(group) at app/models/member.rb:485}","{Method member_columns_for_shared_members(group) at app/models/member.rb:485}","15","15"
"a5e0abee6bd9b081ee5292fc1cf474a3deb69126"
"c57d1af7284dd3d1201073a7a47976c5d7045b5d","CHANGE_SIGNATURE","{Method initialize(file) at app/uploaders/object_storage.rb:281}","{Method initialize(file, original_filename) at app/uploaders/object_storage.rb:281}","3","4"
"88d3b805d1d35ee4d06dc9acae23fbc78d791c12","CHANGE_SIGNATURE","{Method convert(routes) at gems/gitlab-grape-openapi/lib/gitlab/grape_openapi/converters/path_converter.rb:8}","{Method convert(routes, schema_registry) at gems/gitlab-grape-openapi/lib/gitlab/grape_openapi/converters/path_converter.rb:7}","3","3"
"88d3b805d1d35ee4d06dc9acae23fbc78d791c12","CHANGE_SIGNATURE","{Method convert(route) at gems/gitlab-grape-openapi/lib/gitlab/grape_openapi/converters/operation_converter.rb:8}","{Method convert(route, schema_registry) at gems/gitlab-grape-openapi/lib/gitlab/grape_openapi/converters/operation_converter.rb:7}","3","3"
"88d3b805d1d35ee4d06dc9acae23fbc78d791c12","CHANGE_SIGNATURE","{Method initialize(route) at gems/gitlab-grape-openapi/lib/gitlab/grape_openapi/converters/operation_converter.rb:12}","{Method initialize(route, schema_registry) at gems/gitlab-grape-openapi/lib/gitlab/grape_openapi/converters/operation_converter.rb:11}","4","5"
"88d3b805d1d35ee4d06dc9acae23fbc78d791c12","CHANGE_SIGNATURE","{Method initialize(routes) at gems/gitlab-grape-openapi/lib/gitlab/grape_openapi/converters/path_converter.rb:12}","{Method initialize(routes, schema_registry) at gems/gitlab-grape-openapi/lib/gitlab/grape_openapi/converters/path_converter.rb:11}","4","5"
"88d3b805d1d35ee4d06dc9acae23fbc78d791c12","CHANGE_SIGNATURE","{Method initialize(api_classes, options) at gems/gitlab-grape-openapi/lib/gitlab/grape_openapi/generator.rb:8}","{Method initialize(options) at gems/gitlab-grape-openapi/lib/gitlab/grape_openapi/generator.rb:8}","6","6"
"07cb295429fc3cbe080a7edd74fb3d77e6e8882c","CHANGE_SIGNATURE","{Method enabled_for_user?(user) at app/models/users/project_studio.rb:6}","{Method enabled_for_user?(user, studio_cookie) at app/models/users/project_studio.rb:6}","3","3"
"07cb295429fc3cbe080a7edd74fb3d77e6e8882c","CHANGE_SIGNATURE","{Method initialize(user) at app/models/users/project_studio.rb:10}","{Method initialize(user, studio_cookie) at app/models/users/project_studio.rb:10}","3","4"
"07cb295429fc3cbe080a7edd74fb3d77e6e8882c","EXTRACT","{Method redirect_index_to_work_items() at app/controllers/projects/issues_controller.rb:482}","{Method work_items_redirect_params(params) at app/controllers/projects/issues_controller.rb:489}","6","3"
"6f6bedd8fdf86ce500c8c0a9ee393bd771af4b4d"
"a7898fbae193bb41fcea92b19e3ef523ec9c1b9a"
"68118cb42b8a0899f150f28b4536861891881b1c"
"1d26c962ca5e22604b93fdace93d377224b1ced7"
"9c416eba81763be1d1dfd61667590b1b29c123c8","EXTRACT","{Method work_items_data(resource_parent, current_user) at app/helpers/work_items_helper.rb:7}","{Method add_project_specific_data(data, resource_parent, current_user) at app/helpers/work_items_helper.rb:40}","13","9"
"7720e5014cfc9158e75772b58d2e405517b060b2"
"8f449268bca3269d2575f392f959bff33672c57e"
"83d5866f2ef59d1b1f23a22a360a664e7f9cdb92","MOVE","{Method max_running_migrations() at app/workers/database/batched_background_migration/single_database_worker.rb:71}","{Method max_running_migrations() at app/workers/database/background_work_schedulable.rb:45}","3","3"
"83d5866f2ef59d1b1f23a22a360a664e7f9cdb92","MOVE","{Method enabled?() at app/workers/database/batched_background_migration/single_database_worker.rb:29}","{Method enabled?() at app/workers/database/background_work_schedulable.rb:10}","5","5"
"83d5866f2ef59d1b1f23a22a360a664e7f9cdb92","EXTRACT","{Method enabled?() at app/workers/database/batched_background_migration/single_database_worker.rb:29}","{Method schedule_feature_flag_name() at app/workers/database/batched_background_migration/single_database_worker.rb:13}","5","3"
"83d5866f2ef59d1b1f23a22a360a664e7f9cdb92","MOVE","{Method shares_db_config?() at app/workers/database/batched_background_migration/single_database_worker.rb:91}","{Method shares_db_config?() at app/workers/database/background_work_schedulable.rb:59}","3","3"
"c5624377d8802ab0ddba780c1358acf42dc74532"
"583ca9ab7335171a82989ff251f7d24b9a7c6f8f"
"ace8d986489477c3d62c51ef3c63e7727651c1b2","EXTRACT","{Method target_id() at app/models/event.rb:251}","{Method project_as_target?(original_value) at app/models/event.rb:529}","6","7"
"ace8d986489477c3d62c51ef3c63e7727651c1b2","EXTRACT","{Method target_type() at app/models/event.rb:258}","{Method project_as_target?(original_value) at app/models/event.rb:529}","6","7"
"ace8d986489477c3d62c51ef3c63e7727651c1b2","EXTRACT","{Method target() at app/models/event.rb:265}","{Method project_as_target?(original_value) at app/models/event.rb:529}","6","7"
"ace8d986489477c3d62c51ef3c63e7727651c1b2","CHANGE_SIGNATURE","{Method ghost_user_id() at lib/gitlab/github_import.rb:22}","{Method ghost_user_id(organization_id) at lib/gitlab/github_import.rb:22}","5","6"
"b0c7b72a64e665fb82c065481b4a3717bfae824e"
"8cf17b8625a71daf0b88c36527bdb593fb7f1d79"
"fdc3754ef7768648c9b61bc747e5303799c88a2e"
"9f23d99e1abc27aa196388f8e24834719bf19dd9"
"db027c94d886df9f399330e58f737c105f7dd68b"
"bba6a62a309eeff88ab9df3884cfdd1af762284e","RENAME","{Method build_job_definition_config(attrs) at lib/gitlab/ci/pipeline/seed/build.rb:254}","{Method add_execution_config(attrs) at lib/gitlab/ci/pipeline/seed/build.rb:243}","11","11"
"4b92e2cc21beb7847acc0016ef98df2cbdbc468d","CHANGE_SIGNATURE","{Method execute_reviewers_hooks(merge_request, old_reviewers) at app/services/merge_requests/update_reviewers_service.rb:34}","{Method execute_reviewers_hooks(merge_request, old_reviewers_hook_attrs) at app/services/merge_requests/update_reviewers_service.rb:35}","7","9"
"6e299b7f1439844d84ceadd1ef78242b75e9caa3"
"975873cdf684ecd24cb7f0b4e8fcbc21230a1cb3","CHANGE_SIGNATURE","{Method link_to_user(user, namespace, link_content) at lib/banzai/filter/references/user_reference_filter.rb:140}","{Method link_to_user(user, namespace, link_content_html) at lib/banzai/filter/references/user_reference_filter.rb:143}","7","7"
"975873cdf684ecd24cb7f0b4e8fcbc21230a1cb3","CHANGE_SIGNATURE","{Method object_link_filter(text, pattern, link_content, link_reference) at lib/banzai/filter/references/project_reference_filter.rb:42}","{Method object_link_filter(text, pattern, link_content_html, link_reference) at lib/banzai/filter/references/project_reference_filter.rb:45}","11","9"
"975873cdf684ecd24cb7f0b4e8fcbc21230a1cb3","CHANGE_SIGNATURE","{Method object_link_filter(text, pattern, link_content, link_reference) at lib/banzai/filter/references/reference_filter.rb:253}","{Method object_link_filter(text, pattern, link_content_html, link_reference) at lib/banzai/filter/references/reference_filter.rb:337}","3","3"
"975873cdf684ecd24cb7f0b4e8fcbc21230a1cb3","RENAME","{Method symbol_from_match(match) at lib/banzai/filter/references/abstract_reference_filter.rb:57}","{Method symbol_from_match_data(match_data) at lib/banzai/filter/references/abstract_reference_filter.rb:41}","4","4"
"975873cdf684ecd24cb7f0b4e8fcbc21230a1cb3","CHANGE_SIGNATURE","{Method link_to_namespace(namespace, link_content) at lib/banzai/filter/references/user_reference_filter.rb:124}","{Method link_to_namespace(namespace, link_content_html) at lib/banzai/filter/references/user_reference_filter.rb:127}","7","7"
"975873cdf684ecd24cb7f0b4e8fcbc21230a1cb3","CHANGE_SIGNATURE","{Method link_to_group(group, namespace, link_content) at lib/banzai/filter/references/user_reference_filter.rb:132}","{Method link_to_group(group, namespace, link_content_html) at lib/banzai/filter/references/user_reference_filter.rb:135}","7","7"
"975873cdf684ecd24cb7f0b4e8fcbc21230a1cb3","CHANGE_SIGNATURE","{Method object_link_filter(text, pattern, link_content, link_reference) at lib/banzai/filter/references/abstract_reference_filter.rb:185}","{Method object_link_filter(text, pattern, link_content_html, link_reference) at lib/banzai/filter/references/abstract_reference_filter.rb:174}","61","58"
"975873cdf684ecd24cb7f0b4e8fcbc21230a1cb3","CHANGE_SIGNATURE","{Method data_attributes_for(text, parent, object, link_content, link_reference) at lib/banzai/filter/references/milestone_reference_filter.rb:162}","{Method data_attributes_for(original, parent, object, link_content, link_reference) at lib/banzai/filter/references/milestone_reference_filter.rb:153}","8","8"
"975873cdf684ecd24cb7f0b4e8fcbc21230a1cb3","RENAME","{Method replace_and_update_new_nodes(node, index, html) at lib/banzai/filter/references/reference_filter.rb:268}","{Method replace_node_with_html(node, index, html) at lib/banzai/filter/references/reference_filter.rb:348}","20","22"
"975873cdf684ecd24cb7f0b4e8fcbc21230a1cb3","INLINE","{Method unescape_link(href) at lib/banzai/filter/references/reference_filter.rb:197}","{Method yield_valid_link(node) at lib/banzai/filter/references/reference_filter.rb:295}","5","10"
"975873cdf684ecd24cb7f0b4e8fcbc21230a1cb3","INLINE","{Method replace_link_node_with_text(node, index) at lib/banzai/filter/references/reference_filter.rb:221}","{Method call() at lib/banzai/filter/references/abstract_reference_filter.rb:105}","5","50"
"975873cdf684ecd24cb7f0b4e8fcbc21230a1cb3","INLINE","{Method unescape_html_entities(text) at lib/banzai/filter/references/reference_cache.rb:213}","{Method prepare_doc_for_scan() at lib/banzai/filter/references/reference_cache.rb:205}","3","3"
"975873cdf684ecd24cb7f0b4e8fcbc21230a1cb3","CHANGE_SIGNATURE","{Method data_attributes_for(text, parent, object, **data) at lib/banzai/filter/references/merge_request_reference_filter.rb:55}","{Method data_attributes_for(original, parent, object, **data) at lib/banzai/filter/references/merge_request_reference_filter.rb:55}","3","3"
"975873cdf684ecd24cb7f0b4e8fcbc21230a1cb3","CHANGE_SIGNATURE","{Method add_comment(start_line, end_line) at spec/features/merge_request/user_comments_on_diff_spec.rb:202}","{Method add_comment(start_line) at spec/features/merge_request/user_comments_on_diff_spec.rb:200}","29","28"
"975873cdf684ecd24cb7f0b4e8fcbc21230a1cb3","INLINE","{Method unescape_html_entities(text) at lib/banzai/filter/references/reference_filter.rb:203}","{Method prepare_doc_for_scan() at lib/banzai/filter/references/reference_cache.rb:205}","3","3"
"975873cdf684ecd24cb7f0b4e8fcbc21230a1cb3","CHANGE_SIGNATURE","{Method object_link_filter(text, pattern, link_content, link_reference) at lib/banzai/filter/references/external_issue_reference_filter.rb:66}","{Method object_link_filter(text, pattern, link_content_html, link_reference) at lib/banzai/filter/references/external_issue_reference_filter.rb:73}","13","13"
"975873cdf684ecd24cb7f0b4e8fcbc21230a1cb3","CHANGE_SIGNATURE","{Method link_tag(url, data, link_content, title) at lib/banzai/filter/references/user_reference_filter.rb:157}","{Method link_tag(url, data, link_content_html, title) at lib/banzai/filter/references/user_reference_filter.rb:160}","8","8"
"975873cdf684ecd24cb7f0b4e8fcbc21230a1cb3","CHANGE_SIGNATURE","{Method parent_url(link_content, author) at lib/banzai/filter/references/user_reference_filter.rb:185}","{Method parent_url(link_content_html, author) at lib/banzai/filter/references/user_reference_filter.rb:188}","12","12"
"975873cdf684ecd24cb7f0b4e8fcbc21230a1cb3","CHANGE_SIGNATURE","{Method execute(merge_request, commit) at app/services/merge_requests/close_service.rb:7}","{Method execute(merge_request, commit, skip_reset) at app/services/merge_requests/close_service.rb:7}","32","34"
"975873cdf684ecd24cb7f0b4e8fcbc21230a1cb3","CHANGE_SIGNATURE","{Method object_link_filter(text, pattern, link_content, link_reference) at lib/banzai/filter/references/user_reference_filter.rb:48}","{Method object_link_filter(text, pattern, link_content_html, link_reference) at lib/banzai/filter/references/user_reference_filter.rb:53}","18","16"
"975873cdf684ecd24cb7f0b4e8fcbc21230a1cb3","CHANGE_SIGNATURE","{Method data_attributes_for(_text, _project, design, **_kwargs) at lib/banzai/filter/references/design_reference_filter.rb:69}","{Method data_attributes_for(_original, _project, design, **_kwargs) at lib/banzai/filter/references/design_reference_filter.rb:69}","3","3"
"975873cdf684ecd24cb7f0b4e8fcbc21230a1cb3","CHANGE_SIGNATURE","{Method link_to_org_user_detail(org_user_detail, link_content) at lib/banzai/filter/references/user_reference_filter.rb:148}","{Method link_to_org_user_detail(org_user_detail, link_content_html) at lib/banzai/filter/references/user_reference_filter.rb:151}","8","8"
"975873cdf684ecd24cb7f0b4e8fcbc21230a1cb3","CHANGE_SIGNATURE","{Method data_attributes_for(text, parent, object, **data) at lib/banzai/filter/references/issue_reference_filter.rb:41}","{Method data_attributes_for(original, parent, object, **data) at lib/banzai/filter/references/issue_reference_filter.rb:41}","8","8"
"975873cdf684ecd24cb7f0b4e8fcbc21230a1cb3","CHANGE_SIGNATURE","{Method link_to_project(project, link_content) at lib/banzai/filter/references/project_reference_filter.rb:88}","{Method link_to_project(project, link_content_html) at lib/banzai/filter/references/project_reference_filter.rb:89}","12","12"
"975873cdf684ecd24cb7f0b4e8fcbc21230a1cb3","CHANGE_SIGNATURE","{Method link_to_all(link_content) at lib/banzai/filter/references/user_reference_filter.rb:114}","{Method link_to_all(link_content_html) at lib/banzai/filter/references/user_reference_filter.rb:117}","9","9"
"975873cdf684ecd24cb7f0b4e8fcbc21230a1cb3","CHANGE_SIGNATURE","{Method data_attributes_for(text, parent, object, link_content, link_reference) at lib/banzai/filter/references/abstract_reference_filter.rb:251}","{Method data_attributes_for(original, parent, object, link_content, link_reference) at lib/banzai/filter/references/abstract_reference_filter.rb:239}","17","17"
"d28c8ec2e6e67cdb8a229ad07c5651113eda864a"
"36820a3e936d24cf75854616c30119738ef6df81","EXTRACT","{Method groups(highlight) at lib/gitlab/blame.rb:30}","{Method current_line(highlight, line, line_number) at lib/gitlab/blame.rb:50}","24","5"
"cfcaae1961db697755c9974c0b1f5cca809a02a9"
"e3d1524e0cf5f01ab92ddab93c31ab3ddf086399"
"3bcf94cca7dba6232fad06e565cea78abd7d286f","EXTRACT","{Method on_class(node) at rubocop/cop/background_migration/dictionary_file.rb:54}","{Method check_queue_migration(node, migration_name_node) at rubocop/cop/background_migration/dictionary_file.rb:113}","17","8"
"3bcf94cca7dba6232fad06e565cea78abd7d286f","CHANGE_SIGNATURE","{Method initialize(status, path, old_mode, new_mode, new_blob_id, old_blob_id, old_path) at lib/gitlab/git/changed_path.rb:8}","{Method initialize(status, path, old_mode, new_mode, new_blob_id, old_blob_id, old_path, commit_id) at lib/gitlab/git/changed_path.rb:8}","9","12"
"c9c66b17d4c11df85a45b7cb6e57be5e211beabb"
"ec7aa95deb411eccb5dfd62ea2087be41d542bbc","EXTRACT","{Method persisted_names() at lib/feature.rb:104}","{Method database_exists?() at lib/feature.rb:310}","11","3"
"ec7aa95deb411eccb5dfd62ea2087be41d542bbc","EXTRACT","{Method unsafe_get(key) at lib/feature.rb:353}","{Method database_exists?() at lib/feature.rb:310}","23","3"
"70619873bdfa5a664e7ecc502579354aa9222cd8"
"6adfd94507587349f5ed70064a5283b596dcc3bb","MOVE","{Method wrapper_options?() at app/components/users/base_dismissible_alert_component.rb:22}","{Method wrapper_options?() at app/components/users/wrappable.rb:37}","3","3"
"4cd08b43d150b2d35c718b5c14106fb0a60fec73"
"7862f83397c437f6e2760fcfc2538f97cd32bd08","EXTRACT","{Method execute() at app/services/import/reassign_placeholder_user_records_service.rb:28}","{Method handle_reschedule_error(error, reason) at app/services/import/reassign_placeholder_user_records_service.rb:314}","32","4"
"7862f83397c437f6e2760fcfc2538f97cd32bd08","CHANGE_SIGNATURE","{Method reschedule_reassignment_response() at app/services/import/reassign_placeholder_user_records_service.rb:287}","{Method reschedule_reassignment_response(message, reason) at app/services/import/reassign_placeholder_user_records_service.rb:319}","8","7"
"ad9dd8974b441d9df476d377cb50d428ab798c5d"
"7efbd2f40af2edf48154227ada4e2f0a0512895a"
"5520d1bd446214dd81df66a2db7fdd081cab8446"
"20e3abd5babb74179c5560e32127533546247f49","CHANGE_SIGNATURE","{Method cache_method_as_redis_set(name, fallback) at lib/gitlab/repository_cache_adapter.rb:43}","{Method cache_method_as_redis_set(name, fallback, avoid_cache) at lib/gitlab/repository_cache_adapter.rb:43}","36","48"
"ff6472af7471dfd47016e1356e1b1a76690c8612"
"2d6d521179e81a7544aa7e6af7e86588cacd3848"
"ff7675f7b76b65c5ac7c8cfda8e427b2dd6cf21a","EXTRACT","{Method member_role_id(_group) at app/models/member.rb:510}","{Method null_member_role_id_sql() at app/models/member.rb:479}","3","3"
"0a59c95ea6aa6c08fa1dbcd895a8f62a4611f095"
"fa28ddd6db4c1abb56fc40fcea8f776800a59661"
"4ea46cd098cff328648943cfb889722d4be7901b","CHANGE_SIGNATURE","{Method to_reference(from, full) at app/models/issue.rb:578}","{Method to_reference(from, full, absolute_path) at app/models/issue.rb:578}","5","5"
"d6a03531f17dec99bbf51ae7992094b8253c07e7"
"63f115d920ab30cec1d817cd7aa11a625d3bfe75"
"d1afcc8e7f638e1e90b226126c186794fa123b81"
"ef4bbaf9322b50b3ad2816334c9efb71318f922b"
"f690c290d30fa212fe46c6b50a29beb58cbfe689"
"a164db633a9dcd2e793786680b3e9b345face4c4"
"086210dc4bbe82574c82baab0db9d70f68f4ac13"
"b4032d8fb5bc8c482640e063151cc1bb870e4de7"
"08723473f429ec85e64f9cc79213e33c437ab7ac"
"6217ff9656f368734fecb64182d9fc8df9dece22"
"b7b2c56f51cce9c06bcae781a304de0ab7c8014a"
"44e1664a1fa21a5a2f07e5bdda52538ae5489219"
"f911f6e0ba179bf112fcb5916a8a873af4647450","CHANGE_SIGNATURE","{Method create_vulnerability_statistic(project_id) at spec/lib/gitlab/background_migration/backfill_archived_and_traversal_ids_to_vulnerability_statistics_spec.rb:65}","{Method create_vulnerability_statistic(project) at spec/lib/gitlab/background_migration/backfill_archived_and_traversal_ids_to_vulnerability_statistics_spec.rb:65}","15","17"
"9833634471b592f6a28feeb22008cab7dbfe3dd0"
"233b4bc5a99615650944e14223357d91cc411d3b","RENAME","{Method validate_address(address) at qa/qa/support/gitlab_address.rb:66}","{Method validate_address!(address) at qa/qa/support/gitlab_address.rb:94}","5","5"
"233b4bc5a99615650944e14223357d91cc411d3b","EXTRACT_MOVE","{Method invoke(current_user) at lib/api/mcp/handlers/list_tools.rb:12}","{Method list_tools() at app/services/mcp/tools/manager.rb:49}","15","3"
"233b4bc5a99615650944e14223357d91cc411d3b","RENAME","{Method perform(_arguments) at app/services/mcp/tools/get_server_version_service.rb:30}","{Method perform_0_1_0(_arguments) at app/services/mcp/tools/get_server_version_service.rb:26}","5","5"
"233b4bc5a99615650944e14223357d91cc411d3b","CHANGE_SIGNATURE","{Method initialize(route) at app/services/mcp/tools/api_tool.rb:21}","{Method initialize(name, route) at app/services/mcp/tools/api_tool.rb:21}","4","6"
"233b4bc5a99615650944e14223357d91cc411d3b","CHANGE_SIGNATURE","{Method ci_config_variables(ref) at app/graphql/types/project_type.rb:1036}","{Method ci_config_variables(ref, fail_on_cache_miss) at app/graphql/types/project_type.rb:1041}","9","13"
"233b4bc5a99615650944e14223357d91cc411d3b","EXTRACT","{Method build_tools() at app/services/mcp/tools/manager.rb:18}","{Method discover_api_tools() at app/services/mcp/tools/manager.rb:103}","11","15"
"1c950e0a199b3d7d28f0fb1705801ce06a9878c8"
"e04bcce80e38dea3a181c164c693452955724a70"
"1bb9eefddae0f1c0e78d20a05fb60ddecac85c6e"
"8e8cb8096d8ce63a2f18a79c8f498b24bd133684"
"d12167d0191a78ab0d576f047f04254ca57aba50"
"abb05667d418ab6af753498bf1437e9cd974ef73"
"0e5cf33cae2dff0c801d9db9350aa4f3385997da","MOVE_RENAME","{Method member_about_to_expire_email() at app/mailers/previews/notify_preview.rb:207}","{Method member() at app/mailers/previews/members/about_to_expire_mailer_preview.rb:11}","6","3"
"0ecc589168cf520fe9060c16afcf5a41bbe3eea3","CHANGE_SIGNATURE","{Method wait_for_requests(skip_finished_loading_check, spinner_wait) at qa/qa/support/wait_for_requests.rb:10}","{Method wait_for_requests(skip_spinner_check, spinner_wait) at qa/qa/support/wait_for_requests.rb:10}","7","7"
"0ecc589168cf520fe9060c16afcf5a41bbe3eea3","CHANGE_SIGNATURE","{Method refresh(skip_finished_loading_check) at qa/qa/page/base.rb:62}","{Method refresh() at qa/qa/page/base.rb:62}","5","5"
"0ecc589168cf520fe9060c16afcf5a41bbe3eea3","CHANGE_SIGNATURE","{Method refresh(skip_finished_loading_check) at qa/qa/support/page/logging.rb:15}","{Method refresh() at qa/qa/support/page/logging.rb:15}","5","5"
"0ecc589168cf520fe9060c16afcf5a41bbe3eea3","CHANGE_SIGNATURE","{Method visit!(skip_finished_loading_check) at qa/qa/resource/base.rb:216}","{Method visit!(skip_spinner_check) at qa/qa/resource/base.rb:216}","14","14"
"0ecc589168cf520fe9060c16afcf5a41bbe3eea3","CHANGE_SIGNATURE","{Method wait_until(max_duration, sleep_interval, reload, raise_on_failure, skip_finished_loading_check_on_refresh, message) at qa/qa/page/base.rb:68}","{Method wait_until(max_duration, sleep_interval, reload, raise_on_failure, message) at qa/qa/page/base.rb:68}","17","16"
"0ecc589168cf520fe9060c16afcf5a41bbe3eea3","CHANGE_SIGNATURE","{Method wait_for_requests(skip_finished_loading_check) at qa/qa/support/page/logging.rb:143}","{Method wait_for_requests() at qa/qa/support/page/logging.rb:143}","3","3"
"c5e170fd81414f3a611bd853cd0b728940eedb0b","MOVE","{Method doc_url() at lib/gitlab/saas.rb:52}","{Method doc_url() at lib/gitlab.rb:104}","3","3"
"c5e170fd81414f3a611bd853cd0b728940eedb0b","MOVE","{Method com_url() at lib/gitlab/saas.rb:16}","{Method com_url() at lib/gitlab.rb:132}","3","3"
"c5e170fd81414f3a611bd853cd0b728940eedb0b","MOVE","{Method dev_url() at lib/gitlab/saas.rb:32}","{Method dev_url() at lib/gitlab.rb:96}","3","3"
"c5e170fd81414f3a611bd853cd0b728940eedb0b","MOVE","{Method community_forum_url() at lib/gitlab/saas.rb:56}","{Method community_forum_url() at lib/gitlab.rb:100}","3","3"
"c5e170fd81414f3a611bd853cd0b728940eedb0b","EXTRACT","{Method access_control_for(project) at app/models/pages/virtual_domain.rb:32}","{Method pages_access_control_trie() at app/models/pages/virtual_domain.rb:42}","7","3"
"c5e170fd81414f3a611bd853cd0b728940eedb0b","MOVE","{Method canary_toggle_com_url() at lib/gitlab/saas.rb:24}","{Method canary_toggle_com_url() at lib/gitlab.rb:124}","3","3"
"c5e170fd81414f3a611bd853cd0b728940eedb0b","MOVE","{Method root_domain() at lib/gitlab/saas.rb:8}","{Method root_domain() at lib/gitlab.rb:120}","3","3"
"c5e170fd81414f3a611bd853cd0b728940eedb0b","MOVE","{Method staging_com_url() at lib/gitlab/saas.rb:20}","{Method staging_com_url() at lib/gitlab.rb:128}","3","3"
"c5e170fd81414f3a611bd853cd0b728940eedb0b","MOVE","{Method promo_host() at lib/gitlab/saas.rb:12}","{Method promo_host() at lib/gitlab.rb:108}","3","3"
"c5e170fd81414f3a611bd853cd0b728940eedb0b","MOVE","{Method subdomain_regex() at lib/gitlab/saas.rb:28}","{Method subdomain_regex() at lib/gitlab.rb:116}","3","3"
"ffc2da95202d8563f120c5582b5719093956906c"
"35d21eece84e3b12bbc29071c523a4f8cdb66979","EXTRACT","{Method super_sidebar_logged_in_context(user, group, project, panel, panel_type) at app/helpers/sidebars_helper.rb:65}","{Method pinned_items(user, panel_type, group) at app/helpers/sidebars_helper.rb:438}","53","4"
"f9980920aa6667bd64e207e7f12429696b799d41","MOVE","{Method user_namespaces(user_ids) at app/services/organizations/users/transfer_service.rb:100}","{Method user_namespaces(user_ids) at app/services/organizations/concerns/transfer_users.rb:51}","3","3"
"f9980920aa6667bd64e207e7f12429696b799d41","MOVE","{Method update_user_projects(user_ids) at app/services/organizations/users/transfer_service.rb:71}","{Method update_user_projects(user_ids) at app/services/organizations/concerns/transfer_users.rb:26}","16","16"
"f9980920aa6667bd64e207e7f12429696b799d41","RENAME","{Method update_namespaces_and_projects() at app/services/organizations/groups/transfer_service.rb:36}","{Method transfer_namespaces_and_projects() at app/services/organizations/groups/transfer_service.rb:41}","15","15"
"f9980920aa6667bd64e207e7f12429696b799d41","MOVE","{Method update_users(user_ids) at app/services/organizations/users/transfer_service.rb:65}","{Method update_users(user_ids) at app/services/organizations/concerns/transfer_users.rb:20}","4","4"
"f9980920aa6667bd64e207e7f12429696b799d41","MOVE","{Method transfer_attributes() at app/services/organizations/users/transfer_service.rb:89}","{Method transfer_attributes() at app/services/organizations/concerns/transfer_users.rb:44}","6","6"
"f9980920aa6667bd64e207e7f12429696b799d41","MOVE_RENAME","{Method can_transfer?() at app/services/organizations/users/transfer_service.rb:42}","{Method can_transfer_users?() at app/services/organizations/concerns/validate_user_transfer.rb:8}","7","7"
"f9980920aa6667bd64e207e7f12429696b799d41","MOVE","{Method users() at app/services/organizations/users/transfer_service.rb:96}","{Method users() at app/services/organizations/groups/transfer_service.rb:37}","3","3"
"89bf9d7f360164d8e98464fadc8d1bb64ef72de1"
"36c833852c433c36c1789094abc6e58b452781e2","RENAME","{Method settings_menu_item() at lib/sidebars/groups/menus/observability_menu.rb:212}","{Method notification_channels_menu_item() at lib/sidebars/groups/menus/observability_menu.rb:212}","11","11"
"7f992004a4e3f48ed502e695bea0fe8b489804d2"
"e7ccc3eed26cc47b1922bb710d5b6ee44979df47","EXTRACT_MOVE","{Method initialize_tags() at gems/gitlab-grape-openapi/lib/gitlab/grape_openapi/generator.rb:38}","{Method convert(routes) at gems/gitlab-grape-openapi/lib/gitlab/grape_openapi/converters/path_converter.rb:8}","5","3"
"e7ccc3eed26cc47b1922bb710d5b6ee44979df47","EXTRACT_MOVE","{Method initialize_tags() at gems/gitlab-grape-openapi/lib/gitlab/grape_openapi/generator.rb:38}","{Method convert(route) at gems/gitlab-grape-openapi/lib/gitlab/grape_openapi/converters/operation_converter.rb:8}","5","3"
"a76bf64cbb1906f9459bd76fe5c77613bf2134ad","CHANGE_SIGNATURE","{Method execute(gitaly_pagination) at app/finders/tags_finder.rb:4}","{Method execute(gitaly_pagination, batch_load_signatures) at app/finders/tags_finder.rb:4}","15","16"
"a76bf64cbb1906f9459bd76fe5c77613bf2134ad","EXTRACT","{Method signed_tag() at lib/gitlab/git/tag.rb:111}","{Method render_ssh?() at lib/gitlab/git/tag.rb:148}","16","3"
"a76bf64cbb1906f9459bd76fe5c77613bf2134ad","EXTRACT","{Method signed_tag() at lib/gitlab/git/tag.rb:111}","{Method render_gpg?() at lib/gitlab/git/tag.rb:144}","16","3"
"703df88d8748f3fe65fa5909139f835488360626"
"d8aee3f112fd9b2e8fae8fb8620cf346bfacd682","CHANGE_SIGNATURE","{Method with_users() at app/models/merge_request_diff.rb:46}","{Method with_users(include_metadata) at app/models/merge_request_diff.rb:46}","8","7"
"d8aee3f112fd9b2e8fae8fb8620cf346bfacd682","EXTRACT","{Method commit_shas(limit, preload_metadata) at app/models/merge_request_diff.rb:422}","{Method diff_commits_dedup_enabled?() at app/models/merge_request_diff.rb:1046}","19","3"
"7f2996d760e02c8161221931fbced82932a77f94","EXTRACT_MOVE","{Method index() at app/controllers/projects/work_items_controller.rb:43}","{Method work_items_consolidated_list_enabled?() at app/models/group.rb:1177}","3","4"
"7f2996d760e02c8161221931fbced82932a77f94","EXTRACT_MOVE","{Method index() at app/controllers/projects/work_items_controller.rb:43}","{Method work_items_consolidated_list_enabled?() at app/models/project.rb:3517}","3","5"
"7d8b5cd69eed0102ac6e945f65e65b3dca562b73","EXTRACT_MOVE","{Method error_response(error, status) at lib/gitlab/middleware/json_validation.rb:282}","{Method user_facing_error_message(exception) at lib/gitlab/json/stream_validator.rb:17}","22","16"
"f0b8e382a861d34e03160994e27dd7fa7dfe6a7e","RENAME","{Method request_access_menu_item() at lib/sidebars/groups/menus/observability_menu.rb:236}","{Method setup_menu_item() at lib/sidebars/groups/menus/observability_menu.rb:236}","11","11"
"16415e6e3cba1e8f77c45bcc40fd1e35412d0d08"
"2f2cf8df396dea696047585496161e3a7566e312","CHANGE_SIGNATURE","{Method deduplicate_data(table_name, columns, references) at lib/gitlab/database/repair_index.rb:325}","{Method deduplicate_data(table_name, columns, references, action, column_to_update, max_length) at lib/gitlab/database/repair_index.rb:361}","14","22"
"2f2cf8df396dea696047585496161e3a7566e312","CHANGE_SIGNATURE","{Method initialize() at lib/gitlab/ci/reports/sbom/reports.rb:10}","{Method initialize(reports) at lib/gitlab/ci/reports/sbom/reports.rb:10}","3","3"
"34be1777c32fb73e23623e5c4a4e6e298ae13a1a"
"bba72829f75a119e8a4a06acda2012d51cd33e7f","EXTRACT","{Method find_latest_sha() at lib/gitlab/ci/components/instance_path.rb:67}","{Method catalog_resource_version_latest() at lib/gitlab/ci/components/instance_path.rb:97}","5","3"
"bba72829f75a119e8a4a06acda2012d51cd33e7f","CHANGE_SIGNATURE","{Method sha_by_ref(version) at lib/gitlab/ci/components/instance_path.rb:85}","{Method sha_by_ref() at lib/gitlab/ci/components/instance_path.rb:112}","3","3"
"bba72829f75a119e8a4a06acda2012d51cd33e7f","RENAME","{Method sha_by_shorthand_semver(version) at lib/gitlab/ci/components/instance_path.rb:73}","{Method catalog_resource_version_by_short_semver() at lib/gitlab/ci/components/instance_path.rb:102}","7","4"
"bba72829f75a119e8a4a06acda2012d51cd33e7f","INLINE","{Method push_test_metrics_to_gcs() at qa/qa/support/formatters/test_metrics_formatter.rb:98}","{Method push_test_metrics() at qa/qa/support/formatters/test_metrics_formatter.rb:64}","15","15"
"bba72829f75a119e8a4a06acda2012d51cd33e7f","MOVE","{Method merge_request_iid() at qa/qa/support/influxdb_tools.rb:71}","{Method merge_request_iid() at qa/qa/support/test_metrics_tools.rb:37}","3","3"
"bba72829f75a119e8a4a06acda2012d51cd33e7f","CHANGE_SIGNATURE","{Method find_version_sha(version) at lib/gitlab/ci/components/instance_path.rb:61}","{Method find_version_sha() at lib/gitlab/ci/components/instance_path.rb:66}","5","5"
"bba72829f75a119e8a4a06acda2012d51cd33e7f","MOVE","{Method run_type() at qa/qa/support/influxdb_tools.rb:52}","{Method run_type() at qa/qa/support/test_metrics_tools.rb:18}","15","15"
"bba72829f75a119e8a4a06acda2012d51cd33e7f","INLINE","{Method push_test_metrics_to_gcs() at qa/qa/tools/ci/test_metrics.rb:75}","{Method push_test_metrics() at qa/qa/support/formatters/test_metrics_formatter.rb:64}","10","15"
"bba72829f75a119e8a4a06acda2012d51cd33e7f","MOVE","{Method env(name) at qa/qa/support/influxdb_tools.rb:79}","{Method env(name) at qa/qa/support/test_metrics_tools.rb:45}","5","5"
"bba72829f75a119e8a4a06acda2012d51cd33e7f","CHANGE_SIGNATURE","{Method sha_by_released_tag(version) at lib/gitlab/ci/components/instance_path.rb:81}","{Method sha_by_released_tag() at lib/gitlab/ci/components/instance_path.rb:108}","3","3"
"bba72829f75a119e8a4a06acda2012d51cd33e7f","INLINE","{Method push_test_metrics_to_influxdb() at qa/qa/support/formatters/test_metrics_formatter.rb:88}","{Method push_test_metrics() at qa/qa/support/formatters/test_metrics_formatter.rb:64}","6","15"
"30428b11a8c32f345cd4561bfa3e4761c8bac98e"
"989064df161b5e9dc7b6ea4e00a661ef7c0d78d9","EXTRACT","{Method by_ids_or_title(items) at app/finders/milestones_finder.rb:45}","{Method only_title_present?() at app/finders/milestones_finder.rb:61}","7","3"
"989064df161b5e9dc7b6ea4e00a661ef7c0d78d9","EXTRACT","{Method by_ids_or_title(items) at app/finders/milestones_finder.rb:45}","{Method ids_and_title_blank?() at app/finders/milestones_finder.rb:53}","7","3"
"989064df161b5e9dc7b6ea4e00a661ef7c0d78d9","EXTRACT","{Method by_ids_or_title(items) at app/finders/milestones_finder.rb:45}","{Method only_ids_present?() at app/finders/milestones_finder.rb:57}","7","3"
"eb2f289052cd80fdad0ab146246b4947f0db4366"
"c8f771607fc4c26cf2f53e8b46d0b8e2a6c2ad50"
"eba2b27394f646441740ca26d04dac0ceed61065"
"452e99d935dd832a9ac9b4eb07fa9f40db310aee","CHANGE_SIGNATURE","{Method authorized?(hook) at app/finders/web_hooks/web_hook_logs_finder.rb:23}","{Method authorized?() at app/finders/web_hooks/web_hook_logs_finder.rb:24}","3","3"
"7a75290733586d18b5bde0ea941c4bf6c8e72b3e"
"65a0635f23c9076e730c706bde66e43a2e760fe8"
"c1d2797e6ece138d787bf47c44e0b15b696ed285"
"d9f913e71b546df6ee9485d2ace6bb1cbf9c2283"
"6015af8df0c8e939780e03919cbfd8372eb44de9"
"841e9e641e0aff6834668ea69eff436c7a48a855"
"0f65e8655263369e8ec36fe1fd61917cfa75a843"
"bf4cc2c7577fd3d6851b49772c7a18032f446caa"
"728f46b3396eec3742fbc022cb3010bc085566c7"
"994d3a6f219509916c313c19a2bffd93f8ac91a8"
"24b547e85116cd05349cd815aa952624e3e41be2"
"e88b743b742e64d7fbf86ca86324a6272ae0d77c"
"bccfc07283eb03c687c970a39301c1879970b2e7"
"887f82f5872f6bfc22d3e620ee4299ac491f504a"
"7e88aab56aedf0f7ad474fad6f8d4fd565cb3baf","CHANGE_SIGNATURE","{Method succeed!() at lib/gitlab/auth/oidc/step_up_authentication_flow.rb:55}","{Method succeed!(oidc_id_token_claims) at lib/gitlab/auth/oidc/step_up_authentication_flow.rb:64}","3","4"
"b07c5452e7a721d9cc3d5efb097c79fc7a1a6445"
"7f57745e697ea80c9cfead77c149e8245fea4d82"
"6b9b8407e10b3ff309f61bfd0844b30a035185f8","CHANGE_SIGNATURE","{Method disabled_two_factor_webauthn_email(user, device_name) at app/mailers/emails/profile.rb:278}","{Method disabled_two_factor_webauthn_email(user, device_name, type) at app/mailers/emails/profile.rb:280}","11","12"
"6b9b8407e10b3ff309f61bfd0844b30a035185f8","CHANGE_SIGNATURE","{Method enabled_two_factor_webauthn_email(user, device_name) at app/mailers/emails/profile.rb:244}","{Method enabled_two_factor_webauthn_email(user, device_name, type) at app/mailers/emails/profile.rb:244}","11","13"
"c91354af7b7280fcce127776599e3f375e9d35ba"
"58c5338a9729a9a3940c976124626f72f54ef76a","CHANGE_SIGNATURE","{Method parse(data, is_container_scanning) at lib/gitlab/ci/parsers/sbom/license/common.rb:9}","{Method parse(data) at lib/gitlab/ci/parsers/sbom/license/common.rb:9}","4","3"
"58c5338a9729a9a3940c976124626f72f54ef76a","EXTRACT","{Method split_and_retry!() at lib/gitlab/database/background_migration/batched_job.rb:164}","{Method calculate_midpoint(new_batch_size) at lib/gitlab/database/background_migration/batched_job.rb:247}","47","12"
"58c5338a9729a9a3940c976124626f72f54ef76a","EXTRACT","{Method split_and_retry!() at lib/gitlab/database/background_migration/batched_job.rb:164}","{Method validate_split_preconditions!() at lib/gitlab/database/background_migration/batched_job.rb:242}","47","4"
"58c5338a9729a9a3940c976124626f72f54ef76a","EXTRACT","{Method split_and_retry!() at lib/gitlab/database/background_migration/batched_job.rb:164}","{Method split_job_at_midpoint(midpoint, new_batch_size) at lib/gitlab/database/background_migration/batched_job.rb:260}","47","14"
"534296f06b84100045d22316be5e2b2fe269ec2b"
"b233c8f23135527f95ef8bd47b67c94de182f558"
"474ab06e759b2d5e4e2c0e9ffadd9ba2683577f5"
"6ab3d5764dc3ac4eb9dca7e9d3730bbca4f8a3f9"
"4f9ad0bfc2a8e791164e2c404c8ad8dc33fcb1ea","RENAME","{Method validate_content!() at lib/gitlab/ci/config/external/file/local.rb:39}","{Method validate_content_presence!() at lib/gitlab/ci/config/external/file/local.rb:39}","7","7"
"4f9ad0bfc2a8e791164e2c404c8ad8dc33fcb1ea","RENAME","{Method validate_content!() at lib/gitlab/ci/config/external/file/project.rb:60}","{Method validate_content_presence!() at lib/gitlab/ci/config/external/file/project.rb:60}","7","7"
"4f9ad0bfc2a8e791164e2c404c8ad8dc33fcb1ea","RENAME","{Method validate_content!() at lib/gitlab/ci/config/external/file/base.rb:88}","{Method validate_content_presence!() at lib/gitlab/ci/config/external/file/base.rb:88}","3","3"
"4f9ad0bfc2a8e791164e2c404c8ad8dc33fcb1ea","CHANGE_SIGNATURE","{Method project_delete_delayed_button_data(project, button_text) at app/helpers/namespaces/deletable_helper.rb:146}","{Method project_delete_delayed_button_data(project) at app/helpers/namespaces/deletable_helper.rb:146}","7","7"
"4f9ad0bfc2a8e791164e2c404c8ad8dc33fcb1ea","RENAME","{Method validate_content!() at lib/gitlab/ci/config/external/file/component.rb:57}","{Method validate_content_presence!() at lib/gitlab/ci/config/external/file/component.rb:57}","3","3"
"4f9ad0bfc2a8e791164e2c404c8ad8dc33fcb1ea","RENAME","{Method validate_content!() at lib/gitlab/ci/config/external/file/artifact.rb:57}","{Method validate_content_presence!() at lib/gitlab/ci/config/external/file/artifact.rb:57}","3","3"
"4f9ad0bfc2a8e791164e2c404c8ad8dc33fcb1ea","CHANGE_SIGNATURE","{Method project_delete_immediately_button_data(project, button_text) at app/helpers/namespaces/deletable_helper.rb:154}","{Method project_delete_immediately_button_data(project) at app/helpers/namespaces/deletable_helper.rb:154}","5","5"
"ce8250362ba0d34af6df31695ded71c5c403207e","CHANGE_SIGNATURE","{Method snowplow_context(user_role) at spec/requests/api/rubygem_packages_spec.rb:28}","{Method snowplow_context(user_role, token_type) at spec/requests/api/rubygem_packages_spec.rb:28}","7","7"
"ce8250362ba0d34af6df31695ded71c5c403207e","CHANGE_SIGNATURE","{Method check_argument_type(argument_name, argument_value, allowed_classes) at lib/gitlab/tracking/standard_context.rb:92}","{Method check_argument_type(argument_name, argument_value, allowed_class) at lib/gitlab/tracking/standard_context.rb:92}","7","7"
"bc506b1c3114765c63bab111b4634c302086e8b6","EXTRACT","{Method filter(html, context, result) at spec/support/helpers/filter_spec_helper.rb:18}","{Method filter_context(context) at spec/support/helpers/filter_spec_helper.rb:22}","12","10"
"bc506b1c3114765c63bab111b4634c302086e8b6","CHANGE_SIGNATURE","{Method external_issues_cached(attribute) at lib/banzai/filter/references/external_issue_reference_filter.rb:99}","{Method external_issues_cached(project, attribute) at lib/banzai/filter/references/external_issue_reference_filter.rb:15}","5","5"
"bc506b1c3114765c63bab111b4634c302086e8b6","CHANGE_SIGNATURE","{Method default_issues_tracker?() at lib/banzai/filter/references/external_issue_reference_filter.rb:87}","{Method default_issues_tracker?(project) at lib/banzai/filter/references/external_issue_reference_filter.rb:21}","3","3"
"50ea59c235e6a212a0eab8d1d7d91f7f00de7df6"
"7594ed548d677c32d696e1f700a35582188fac2e","CHANGE_SIGNATURE","{Method initialize(volume_host_path, artifact_id) at qa/qa/service/docker_run/gradle.rb:7}","{Method initialize(volume_host_path, artifact_id, package_version) at qa/qa/service/docker_run/gradle.rb:7}","8","9"
"7594ed548d677c32d696e1f700a35582188fac2e","EXTRACT","{Method publish_and_install!() at qa/qa/service/docker_run/gradle.rb:16}","{Method setup_container() at qa/qa/service/docker_run/gradle.rb:37}","18","13"
"61e6570c1496bd3a308686bbefa6e383b673e6f5"
"c4ca8d90e5960a052bf222fdb3439183ae483500","CHANGE_SIGNATURE","{Method preview_note(text) at spec/support/helpers/features/notes_helpers.rb:35}","{Method preview_note(text, issuable_type) at spec/support/helpers/features/notes_helpers.rb:39}","14","17"
"c4ca8d90e5960a052bf222fdb3439183ae483500","CHANGE_SIGNATURE","{Method add_note(text) at spec/support/helpers/features/notes_helpers.rb:14}","{Method add_note(text, issuable_type) at spec/support/helpers/features/notes_helpers.rb:14}","10","14"
"c4ca8d90e5960a052bf222fdb3439183ae483500","CHANGE_SIGNATURE","{Method initialize(current_user, user, webauthn_registrations_id) at app/services/webauthn/destroy_service.rb:7}","{Method initialize(current_user, user, second_factor_webauthn_registrations_id) at app/services/webauthn/destroy_service.rb:7}","5","5"
"c4ca8d90e5960a052bf222fdb3439183ae483500","RENAME","{Method webauthn_registrations() at app/controllers/profiles/two_factor_auths_controller.rb:212}","{Method second_factor_webauthn_registrations() at app/controllers/profiles/two_factor_auths_controller.rb:212}","9","9"
"c4ca8d90e5960a052bf222fdb3439183ae483500","INLINE","{Method sidekiq_worker_class_individual() at lib/gitlab/bitbucket_server_import/importers/notes_importer.rb:139}","{Method enqueue_comment_import(merge_request, comment_type, comment) at lib/gitlab/bitbucket_server_import/importers/notes_importer.rb:85}","3","19"
"c4ca8d90e5960a052bf222fdb3439183ae483500","MOVE","{Method open_create_timelog_form() at spec/support/shared_examples/quick_actions/issuable/time_tracking_quick_action_shared_examples.rb:25}","{Method open_create_timelog_form() at spec/support/shared_examples/quick_actions/merge_request/time_tracking_quick_action_shared_examples.rb:25}","5","5"
"c4ca8d90e5960a052bf222fdb3439183ae483500","EXTRACT","{Method required?() at lib/ci/inputs/base_input.rb:56}","{Method default_value_present?() at lib/ci/inputs/base_input.rb:62}","3","3"
"c4ca8d90e5960a052bf222fdb3439183ae483500","MOVE","{Method submit_time(quick_action) at spec/support/shared_examples/quick_actions/issuable/time_tracking_quick_action_shared_examples.rb:146}","{Method submit_time(quick_action) at spec/support/shared_examples/quick_actions/merge_request/time_tracking_quick_action_shared_examples.rb:146}","5","5"
"c4ca8d90e5960a052bf222fdb3439183ae483500","MOVE","{Method open_time_tracking_report() at spec/support/shared_examples/quick_actions/issuable/time_tracking_quick_action_shared_examples.rb:17}","{Method open_time_tracking_report() at spec/support/shared_examples/quick_actions/merge_request/time_tracking_quick_action_shared_examples.rb:17}","7","7"
"f9da0d579b5ebd3c1ad8a1aef956ead7ef96baf3"
"d65e14ef9237c5583dd0a449f3d7b8b8d83cd5a6","CHANGE_SIGNATURE","{Method parse(data) at lib/gitlab/ci/parsers/sbom/license/common.rb:9}","{Method parse(data, is_container_scanning) at lib/gitlab/ci/parsers/sbom/license/common.rb:9}","3","4"
"d65e14ef9237c5583dd0a449f3d7b8b8d83cd5a6","EXTRACT","{Method authenticate_admin!() at app/controllers/concerns/enforces_admin_authentication.rb:23}","{Method attempt_admin_mode() at app/controllers/concerns/enforces_admin_authentication.rb:37}","10","7"
"6348f33e52415de986802f4076e52ee8a20d9e1b"
"84e45cdd8489edf06b38f515d7eff9bcb7c6e724"
"751547b2ad6ff6a6c8761ada3fcb14f7f9f9d293"
"267e4a977e790f66127ba1004278acc735e27c9f"
"686f42aebfa693c036c813ab02b3906ccc4630b9","CHANGE_SIGNATURE","{Method parse(data, is_container_scanning) at lib/gitlab/ci/parsers/sbom/license/common.rb:9}","{Method parse(data) at lib/gitlab/ci/parsers/sbom/license/common.rb:9}","4","3"
"138b21fb9cd4b4144f2338512ea95a10da3549ef"
"a26195c267ab0f5dec99b47f6f5c6a4ad3bbf8db"
"a20c238777114e2a82e12ffea64c5e4c83f7cca6"
"d13613af9bf301981a24e78416a83c7e38ce9260","EXTRACT","{Method migrate_password!(password) at app/models/concerns/encrypted_user_password.rb:91}","{Method migrated_password?() at app/models/concerns/encrypted_user_password.rb:52}","20","11"
"d13613af9bf301981a24e78416a83c7e38ce9260","RENAME","{Method hash(salt_len) at spec/tasks/gitlab/password_rake_spec.rb:96}","{Method pbkdf2_hash(salt_len) at spec/tasks/gitlab/password_rake_spec.rb:89}","4","4"
"23ac5d86f280dc5603a961c8dccb129493ee7573"
"387232c85ca32c3aaa95d2821b1e71bcfed8b7d5"
"8a76fef425e3302295bfc821280e46355c89d267"
"c6c6232ce2dabb4550d75ca0741baf1b3a633b95"
"caffda94f0ec52dc85ad643f8c5807411fc4ca9e"
"cddf0c41052623da33321dfef4e03e76fb368bd9","CHANGE_SIGNATURE","{Method wait_for_requests(skip_finished_loading_check, skip_resp_code_check) at qa/qa/support/page/logging.rb:143}","{Method wait_for_requests(skip_finished_loading_check) at qa/qa/support/page/logging.rb:143}","3","3"
"cddf0c41052623da33321dfef4e03e76fb368bd9","RENAME","{Method finished_loading?(wait) at qa/qa/support/page/logging.rb:138}","{Method spinner_cleared?(wait) at qa/qa/support/page/logging.rb:138}","4","4"
"cddf0c41052623da33321dfef4e03e76fb368bd9","CHANGE_SIGNATURE","{Method visit!(skip_finished_loading_check, skip_resp_code_check) at qa/qa/resource/base.rb:216}","{Method visit!(skip_finished_loading_check) at qa/qa/resource/base.rb:216}","16","14"
"cddf0c41052623da33321dfef4e03e76fb368bd9","RENAME","{Method finished_loading?(wait) at qa/qa/support/wait_for_requests.rb:34}","{Method spinner_cleared?(wait) at qa/qa/support/wait_for_requests.rb:62}","6","6"
"2977743daed67ebe22dfe740881c8328e8f5ec50","EXTRACT","{Method for_tables(tables) at lib/gitlab/database/postgres_autovacuum_activity.rb:11}","{Method execute_in_primary_scope(&block) at lib/gitlab/database/postgres_autovacuum_activity.rb:33}","10","5"
"cffa737e1b70df8a3dc7e45c00fb556785779736","RENAME","{Method additional_tests_code(test_file_path) at rubocop/cop/experiments_test_coverage.rb:50}","{Method outside_app_tests_code(test_file_path) at rubocop/cop/experiments_test_coverage.rb:50}","7","9"
"7521ba0311d0d0360cc075cf7814cbb280409ae6"
"9877268a4327532d10108659adf2579315f9d938"
"78317546cf9066bd2f473fe113f6d3b99abcf09b"
"f8f5254bb77b7688cbbfe5637408c6b9985fd9c1","EXTRACT","{Method prompt_for_additional_properties() at scripts/internal_events/cli/flows/event_definer.rb:107}","{Method property_option_definitions(available_props) at scripts/internal_events/cli/flows/event_definer.rb:137}","59","25"
"fa8598b49e17addc4193a07a7123c4f479ad4f98"
"9df61b298796ee583f204674d8b3d4da727a30c0"
"d73fbefe8dcf187529a98ac9f33ab3927856a006"
"f219a4be69ecc1c1c42f4f61194df8947f3647ae"
"3a1c845174d83080355d0f62bfb9b262701aaf4b","EXTRACT_MOVE","{Method stub_build() at lib/gitlab/ci/build/context/global.rb:28}","{Method fabricate(attrs) at app/models/ci/processable.rb:152}","10","11"
"717f7f4a1cd0b5aa22e133c43b511c519bfd41c5"
"dd0fb5e4d5709523e085df2105cd2663593e3b7a"
"2d114e9a295e75d4b7f8f417564fbbd40487f20c","EXTRACT","{Method calculate_reactive_cache(sha, ref) at app/services/ci/list_config_variables_service.rb:27}","{Method valid_config_result(result) at app/services/ci/list_config_variables_service.rb:61}","9","3"
"ef2f6c446c414ae7bd8fafbc4e7b021eb7cf98e6","MOVE","{Method initialize() at lib/gitlab/database/background_migration/batch_metrics.rb:10}","{Method initialize() at lib/gitlab/database/batch/metrics.rb:9}","4","4"
"ef2f6c446c414ae7bd8fafbc4e7b021eb7cf98e6","MOVE","{Method monotonic_time() at lib/gitlab/database/background_migration/batch_metrics.rb:38}","{Method monotonic_time() at lib/gitlab/database/batch/metrics.rb:37}","3","3"
"ef2f6c446c414ae7bd8fafbc4e7b021eb7cf98e6","EXTRACT_MOVE","{Method assign_shared_attrs() at scripts/internal_events/cli/flows/metric_definer.rb:634}","{Method bulk_assign(attrs) at scripts/internal_events/cli/subflows/event_metric_definer.rb:253}","6","3"
"ef2f6c446c414ae7bd8fafbc4e7b021eb7cf98e6","MOVE","{Method check_for_mailmapped_commit_emails?() at lib/gitlab/x509/commit.rb:71}","{Method check_for_mailmapped_commit_emails?() at lib/gitlab/repositories/base_signed_commit.rb:85}","3","3"
"ef2f6c446c414ae7bd8fafbc4e7b021eb7cf98e6","MOVE","{Method selected_events_filter_options() at scripts/internal_events/cli/flows/metric_definer.rb:388}","{Method selected_events_filter_options() at scripts/internal_events/cli/subflows/event_metric_definer.rb:144}","14","14"
"ef2f6c446c414ae7bd8fafbc4e7b021eb7cf98e6","MOVE","{Method instrument_operation(label, instrument_affected_rows) at lib/gitlab/database/background_migration/batch_metrics.rb:19}","{Method instrument_operation(label, instrument_affected_rows) at lib/gitlab/database/batch/metrics.rb:18}","8","8"
"ef2f6c446c414ae7bd8fafbc4e7b021eb7cf98e6","CHANGE_SIGNATURE","{Method initialize(signature_text, signed_text, signer, commit, author_email) at lib/gitlab/ssh/signature.rb:15}","{Method initialize(signature_text, signed_text, signer, commit) at lib/gitlab/ssh/signature.rb:15}","8","7"
"ef2f6c446c414ae7bd8fafbc4e7b021eb7cf98e6","EXTRACT_MOVE","{Method prompt_for_event_filters() at scripts/internal_events/cli/flows/metric_definer.rb:180}","{Method bulk_assign(attrs) at scripts/internal_events/cli/subflows/event_metric_definer.rb:253}","33","3"
"ef2f6c446c414ae7bd8fafbc4e7b021eb7cf98e6","MOVE","{Method committer_email_missing?(cached_signature) at lib/gitlab/x509/commit.rb:29}","{Method committer_email_missing?(cached_signature) at lib/gitlab/repositories/base_signed_commit.rb:74}","3","6"
"ef2f6c446c414ae7bd8fafbc4e7b021eb7cf98e6","MOVE","{Method print_event_filter_header(event, idx, total) at scripts/internal_events/cli/flows/metric_definer.rb:404}","{Method print_event_filter_header(event, idx, total) at scripts/internal_events/cli/subflows/event_metric_definer.rb:160}","12","12"
"ef2f6c446c414ae7bd8fafbc4e7b021eb7cf98e6","MOVE","{Method find_filter_permutations(action, filters) at scripts/internal_events/cli/flows/metric_definer.rb:472}","{Method find_filter_permutations(action, filters) at scripts/internal_events/cli/subflows/event_metric_definer.rb:228}","9","9"
"ef2f6c446c414ae7bd8fafbc4e7b021eb7cf98e6","MOVE","{Method timings_for_label(label) at lib/gitlab/database/background_migration/batch_metrics.rb:30}","{Method timings_for_label(label) at lib/gitlab/database/batch/metrics.rb:29}","3","3"
"ef2f6c446c414ae7bd8fafbc4e7b021eb7cf98e6","MOVE","{Method cast_if_numeric(text) at scripts/internal_events/cli/flows/metric_definer.rb:460}","{Method cast_if_numeric(text) at scripts/internal_events/cli/subflows/event_metric_definer.rb:216}","6","6"
"ef2f6c446c414ae7bd8fafbc4e7b021eb7cf98e6","MOVE","{Method time_operation(label, &blk) at lib/gitlab/database/background_migration/batch_metrics.rb:15}","{Method time_operation(label, &blk) at lib/gitlab/database/batch/metrics.rb:14}","3","3"
"ef2f6c446c414ae7bd8fafbc4e7b021eb7cf98e6","EXTRACT_MOVE","{Method prompt_for_configuration(type) at scripts/internal_events/cli/flows/metric_definer.rb:89}","{Method run() at scripts/internal_events/cli/subflows/event_metric_definer.rb:19}","31","12"
"ef2f6c446c414ae7bd8fafbc4e7b021eb7cf98e6","MOVE","{Method update_committer_email!(cached_signature) at lib/gitlab/x509/commit.rb:24}","{Method update_committer_email!(cached_signature) at lib/gitlab/repositories/base_signed_commit.rb:63}","4","4"
"ef2f6c446c414ae7bd8fafbc4e7b021eb7cf98e6","MOVE","{Method affected_rows_for_label(label) at lib/gitlab/database/background_migration/batch_metrics.rb:34}","{Method affected_rows_for_label(label) at lib/gitlab/database/batch/metrics.rb:33}","3","3"
"ef2f6c446c414ae7bd8fafbc4e7b021eb7cf98e6","MOVE","{Method deselect_nonfilterable_event?(event) at scripts/internal_events/cli/flows/metric_definer.rb:418}","{Method deselect_nonfilterable_event?(event) at scripts/internal_events/cli/subflows/event_metric_definer.rb:174}","11","11"
"ef2f6c446c414ae7bd8fafbc4e7b021eb7cf98e6","EXTRACT_MOVE","{Method bulk_assign(attrs) at scripts/internal_events/cli/flows/metric_definer.rb:647}","{Method bulk_assign(attrs) at scripts/internal_events/cli/subflows/event_metric_definer.rb:253}","3","3"
"ef2f6c446c414ae7bd8fafbc4e7b021eb7cf98e6","EXTRACT_MOVE","{Method deselect_nonfilterable_event?(event) at scripts/internal_events/cli/flows/metric_definer.rb:418}","{Method bulk_assign(attrs) at scripts/internal_events/cli/subflows/event_metric_definer.rb:253}","11","3"
"ef2f6c446c414ae7bd8fafbc4e7b021eb7cf98e6","EXTRACT_MOVE","{Method prompt_for_copying_event_properties() at scripts/internal_events/cli/flows/metric_definer.rb:238}","{Method bulk_assign(attrs) at scripts/internal_events/cli/subflows/event_metric_definer.rb:253}","26","3"
"ef2f6c446c414ae7bd8fafbc4e7b021eb7cf98e6","MOVE","{Method prompt_for_event_filters() at scripts/internal_events/cli/flows/metric_definer.rb:180}","{Method prompt_for_event_filters() at scripts/internal_events/cli/subflows/event_metric_definer.rb:107}","33","33"
"ef2f6c446c414ae7bd8fafbc4e7b021eb7cf98e6","MOVE","{Method prompt_for_events(type) at scripts/internal_events/cli/flows/metric_definer.rb:121}","{Method prompt_for_events() at scripts/internal_events/cli/subflows/event_metric_definer.rb:48}","26","26"
"ef2f6c446c414ae7bd8fafbc4e7b021eb7cf98e6","MOVE","{Method should_update_signature?(cached_signature) at lib/gitlab/x509/commit.rb:33}","{Method should_update_signature?(cached_signature) at lib/gitlab/repositories/base_signed_commit.rb:68}","5","5"
"ef2f6c446c414ae7bd8fafbc4e7b021eb7cf98e6","MOVE","{Method prompt_for_metrics() at scripts/internal_events/cli/flows/metric_definer.rb:148}","{Method prompt_for_metrics() at scripts/internal_events/cli/subflows/event_metric_definer.rb:75}","31","31"
"ef2f6c446c414ae7bd8fafbc4e7b021eb7cf98e6","MOVE","{Method prompt_for_property_filter(action, property, default) at scripts/internal_events/cli/flows/metric_definer.rb:431}","{Method prompt_for_property_filter(action, property, default) at scripts/internal_events/cli/subflows/event_metric_definer.rb:187}","28","28"
"ef2f6c446c414ae7bd8fafbc4e7b021eb7cf98e6","MOVE","{Method committer_email() at lib/gitlab/x509/commit.rb:39}","{Method committer_email() at lib/gitlab/repositories/base_signed_commit.rb:56}","3","3"
"ef2f6c446c414ae7bd8fafbc4e7b021eb7cf98e6","EXTRACT_MOVE","{Method prompt_for_configuration(type) at scripts/internal_events/cli/flows/metric_definer.rb:89}","{Method run() at scripts/internal_events/cli/subflows/database_metric_definer.rb:13}","31","9"
"8b1160f1a7be48e26a9b52889a5ef4069500c161","INLINE","{Method git_content_hash_for_path(path) at lib/gitlab/ci/pipeline/seed/build/cache.rb:87}","{Method hash_of_file_contents() at lib/gitlab/ci/pipeline/seed/build/cache.rb:64}","3","10"
"d7648862569bc4deeb60f99b035f0d02d5a881d6"
"1ebf33cc8d0d714575670aabd2e8b12c4303172a"
"2a527e085ced3b6dffaf9337f8de39ffb3702cf1"
"dbed5f3c7d017aa29848b6b278a7094174c0640c"
"8dbe21c136da7fd3e5d43749402c3d54a6e3acef"
"9c421743eab1725a802fe97ac6d4982a998168e0","INLINE","{Method formatted_auth_tokens() at app/presenters/observability/observability_presenter.rb:56}","{Method auth_tokens() at app/presenters/observability/observability_presenter.rb:31}","10","10"
"b80409f57d78b5d253fdc54eaa718fa8e8de3b51","CHANGE_SIGNATURE","{Method user_revert(user, commit, branch_name, message, start_branch_name, start_repository, dry_run) at lib/gitlab/gitaly_client/operation_service.rb:321}","{Method user_revert(user, commit, branch_name, message, start_branch_name, start_repository, dry_run, target_sha) at lib/gitlab/gitaly_client/operation_service.rb:321}","49","57"
"b80409f57d78b5d253fdc54eaa718fa8e8de3b51","CHANGE_SIGNATURE","{Method revert(user, commit, branch_name, message, start_branch_name, start_repository, dry_run) at lib/gitlab/git/repository.rb:709}","{Method revert(user, commit, branch_name, message, start_branch_name, start_repository, dry_run, target_sha) at lib/gitlab/git/repository.rb:709}","15","16"
"e117fc57bd86d8ab1b25dfcc93ad233d4aeb0c6d","EXTRACT_MOVE","{Method up() at db/post_migrate/20250730123044_queue_backfill_security_inventory_filters.rb:13}","{Method up() at db/post_migrate/20251008104713_requeue_backfill_security_inventory_filters.rb:13}","10","12"
"e117fc57bd86d8ab1b25dfcc93ad233d4aeb0c6d","EXTRACT_MOVE","{Method down() at db/post_migrate/20250730123044_queue_backfill_security_inventory_filters.rb:24}","{Method down() at db/post_migrate/20251008104713_requeue_backfill_security_inventory_filters.rb:26}","3","3"
"121dfd46aeae93db6827234c87e292d66abdfeb5","CHANGE_SIGNATURE","{Method checkout_or_clone_version(version, repo, target_dir, clone_opts) at lib/gitlab/task_helpers.rb:215}","{Method checkout_or_clone_version(version, repo, target_dir, clone_opts, checkout_opts) at lib/gitlab/task_helpers.rb:215}","4","4"
"121dfd46aeae93db6827234c87e292d66abdfeb5","EXTRACT_MOVE","{Method up() at db/post_migrate/20250701112428_queue_backfill_subscription_user_add_on_assignment_versions.rb:13}","{Method up() at db/post_migrate/20251002121105_queue_backfill_timelogs_namespace.rb:12}","10","10"
"121dfd46aeae93db6827234c87e292d66abdfeb5","CHANGE_SIGNATURE","{Method checkout_version(version, target_dir) at lib/gitlab/task_helpers.rb:233}","{Method checkout_version(version, target_dir, checkout_opts) at lib/gitlab/task_helpers.rb:233}","7","10"
"121dfd46aeae93db6827234c87e292d66abdfeb5","EXTRACT_MOVE","{Method up() at db/post_migrate/20250701112428_queue_backfill_subscription_user_add_on_assignment_versions.rb:13}","{Method up() at db/post_migrate/20251007201807_requeue_backfill_subscription_user_add_on_assignment_versions.rb:14}","10","17"
"121dfd46aeae93db6827234c87e292d66abdfeb5","EXTRACT_MOVE","{Method down() at db/post_migrate/20250701112428_queue_backfill_subscription_user_add_on_assignment_versions.rb:24}","{Method down() at db/post_migrate/20251007201807_requeue_backfill_subscription_user_add_on_assignment_versions.rb:32}","8","8"
"121dfd46aeae93db6827234c87e292d66abdfeb5","EXTRACT_MOVE","{Method down() at db/post_migrate/20250701112428_queue_backfill_subscription_user_add_on_assignment_versions.rb:24}","{Method down() at db/post_migrate/20251002121105_queue_backfill_timelogs_namespace.rb:23}","8","3"
"bfc1a1c90df2ce0a623206d4d7f540df9b0e8285","RENAME","{Method click_access_tokens() at qa/qa/page/profile/menu.rb:25}","{Method click_personal_access_tokens() at qa/qa/page/profile/menu.rb:25}","3","3"
"f82ca99ccaae4ffe8122c635e825919a12b244cb"
"f480dddf33f4dcbf98f0fb83eda3a6929cc56760"
"4ef4d8522399b7feaff78f63704f8c2f72ff408d","EXTRACT","{Method new_notes(notes_batch, notes_ids_map) at app/services/work_items/data_sync/handlers/notes/copy_service.rb:85}","{Method namespace_id_for(noteable) at app/services/work_items/data_sync/handlers/notes/copy_service.rb:47}","31","3"
"1fcb70dcfeb09e123748c37f2bca45d46c3e7f28"
"90247e3fecf8b4b349018343a70a831a9dc13a32","EXTRACT_MOVE","{Method validate_json_request!(env, request, limits) at lib/gitlab/middleware/json_validation.rb:259}","{Method sc_parse(body) at lib/gitlab/json/stream_validator.rb:30}","20","9"
"702022c3cf63b2e4adf88aec7492db0938decf5b","RENAME","{Method unique_package_id_and_file_name_from(package_files) at app/services/packages/cleanup/execute_policy_service.rb:53}","{Method unique_package_id_and_file_name_and_package_type_from(package_files) at app/services/packages/cleanup/execute_policy_service.rb:54}","7","8"
"702022c3cf63b2e4adf88aec7492db0938decf5b","EXTRACT","{Method execute() at app/services/two_factor/destroy_otp_service.rb:5}","{Method disable_two_factor_otp() at app/services/two_factor/destroy_otp_service.rb:25}","9","3"
"702022c3cf63b2e4adf88aec7492db0938decf5b","CHANGE_SIGNATURE","{Method remove_duplicated_files_for(package_id, file_name) at app/services/packages/cleanup/execute_policy_service.rb:61}","{Method remove_duplicated_files_for(package_id, file_name, package_type) at app/services/packages/cleanup/execute_policy_service.rb:63}","14","23"
"8df6f3233c0f923d603499ce0d4514f551076f59"
"c502a07b35f6e9c801c0ed2baac6647b065df631","CHANGE_SIGNATURE","{Method commit_shas(limit) at app/models/merge_request_diff.rb:396}","{Method commit_shas(limit, preload_metadata) at app/models/merge_request_diff.rb:396}","9","19"
"682604fe657ff6ada43ca0f86942fe9b6f699e1d","MOVE","{Method initialize(project, options) at app/services/ci/job_analytics/query_builder_service.rb:18}","{Method initialize(project, current_user, options) at lib/ci/job_analytics/query_builder.rb:19}","13","15"
"682604fe657ff6ada43ca0f86942fe9b6f699e1d","MOVE","{Method build_finder() at app/services/ci/job_analytics/query_builder_service.rb:42}","{Method build_finder() at lib/ci/job_analytics/query_builder.rb:44}","17","17"
"682604fe657ff6ada43ca0f86942fe9b6f699e1d","MOVE","{Method execute_query(query_builder) at spec/services/ci/job_analytics/query_builder_service_spec.rb:511}","{Method execute_query(query_builder) at spec/lib/ci/job_analytics/query_builder_spec.rb:516}","3","3"
"682604fe657ff6ada43ca0f86942fe9b6f699e1d","MOVE","{Method extract_sort_info(value) at app/services/ci/job_analytics/query_builder_service.rb:60}","{Method extract_sort_info(value) at lib/ci/job_analytics/query_builder.rb:62}","5","5"
"1b29e07605022f4bf298141a9f64520de9832a64"
"a2260329570b26b7d96d9941100a355e096f780a"
"a911f1dea8ce9b7aabc82bf72842e35494a1b6ee"
"63554fcada21938bd5a08859e0a3de8649c9b572"
"ae7393bde864152bdaa7259a804583e2d85aaa30","CHANGE_SIGNATURE","{Method initialize() at lib/gitlab/topology_service_client/base_service.rb:6}","{Method initialize(timeout) at lib/gitlab/topology_service_client/base_service.rb:8}","3","5"
"52ca0436c50cbcd509ec2c6db0c7672e51738a3c","CHANGE_SIGNATURE","{Method initialize(variables) at lib/gitlab/ci/config/yaml/context.rb:10}","{Method initialize(variables, component) at lib/gitlab/ci/config/yaml/context.rb:10}","3","4"
"52ca0436c50cbcd509ec2c6db0c7672e51738a3c","CHANGE_SIGNATURE","{Method initialize(project, pipeline, sha, user, parent_pipeline, variables, pipeline_config, logger, pipeline_policy_context) at lib/gitlab/ci/config/external/context.rb:26}","{Method initialize(project, pipeline, sha, user, parent_pipeline, variables, pipeline_config, logger, pipeline_policy_context, component_data) at lib/gitlab/ci/config/external/context.rb:26}","22","23"
"90aecad05f12777fd95c9a8ed58fccd3c4a9c387"
"0eaa41b02e1837cd150fa11a7ea6875a96a56e04"
"c9845b89d5ad0f20b53d5113f6bfeb27aa4972fe"
"d723d13c566da650314748b123216560dbd6e8e6"
"b17eb1484cb97ec27db329bea3e9c529b126e669","CHANGE_SIGNATURE","{Method handle_verification_success(user) at app/controllers/concerns/verifies_with_email.rb:283}","{Method handle_verification_success(user, verification_result, log_message) at app/controllers/concerns/verifies_with_email.rb:288}","14","14"
"b17eb1484cb97ec27db329bea3e9c529b126e669","CHANGE_SIGNATURE","{Method initialize(user_agent) at lib/gitlab/safe_device_detector.rb:9}","{Method initialize(agent) at lib/gitlab/safe_device_detector.rb:9}","4","4"
"90522abe663f4d42c6395c02687dd48bfe1e0c3f","EXTRACT","{Method execute() at app/services/ci/slsa/publish_provenance_service.rb:19}","{Method id_token() at app/services/ci/slsa/publish_provenance_service.rb:40}","29","3"
"90522abe663f4d42c6395c02687dd48bfe1e0c3f","CHANGE_SIGNATURE","{Method resume_processing!(worker_name, limit) at lib/gitlab/sidekiq_middleware/concurrency_limit/concurrency_limit_service.rb:33}","{Method resume_processing!(worker_name) at lib/gitlab/sidekiq_middleware/concurrency_limit/concurrency_limit_service.rb:33}","3","3"
"90522abe663f4d42c6395c02687dd48bfe1e0c3f","RENAME","{Method attest_blob!(blob_name, hash, predicate, id_token) at app/services/ci/slsa/publish_provenance_service.rb:59}","{Method cosign_attest_blob(blob_name, hash) at app/services/ci/slsa/publish_provenance_service.rb:110}","37","39"
"90522abe663f4d42c6395c02687dd48bfe1e0c3f","CHANGE_SIGNATURE","{Method resume_processing!(limit) at lib/gitlab/sidekiq_middleware/concurrency_limit/queue_manager.rb:36}","{Method resume_processing!() at lib/gitlab/sidekiq_middleware/concurrency_limit/queue_manager.rb:37}","13","18"
"90522abe663f4d42c6395c02687dd48bfe1e0c3f","EXTRACT","{Method execute() at app/services/ci/slsa/publish_provenance_service.rb:19}","{Method attest_all_artifacts() at app/services/ci/slsa/publish_provenance_service.rb:58}","29","23"
"90522abe663f4d42c6395c02687dd48bfe1e0c3f","CHANGE_SIGNATURE","{Method resume_processing!(worker, limit) at app/workers/concurrency_limit/resume_worker.rb:99}","{Method resume_processing!(worker) at app/workers/concurrency_limit/resume_worker.rb:92}","3","3"
"f879706d210ea76f2d19d5ac7725dc302e5c802a","EXTRACT","{Method to_deleted_object_attrs(pick_up_at) at app/models/ci/job_artifact.rb:218}","{Method resolve_file_path_for_deletion() at app/models/ci/job_artifact.rb:264}","15","7"
"f879706d210ea76f2d19d5ac7725dc302e5c802a","CHANGE_SIGNATURE","{Method initialize(signature_text, signed_text, email, created_at) at lib/gitlab/x509/signature.rb:13}","{Method initialize(signature_text, signed_text, email, created_at, project) at lib/gitlab/x509/signature.rb:13}","6","7"
"cb794de510b6410988c945fc2bde91fa0bb26205"
"e1ea85efae799292fd2ece0d1e47d20b9b5dab5b","EXTRACT","{Method handle_step_up_auth() at app/controllers/omniauth_callbacks_controller.rb:428}","{Method handle_step_up_auth_for_admin_mode() at app/controllers/omniauth_callbacks_controller.rb:433}","11","3"
"e1ea85efae799292fd2ece0d1e47d20b9b5dab5b","EXTRACT","{Method handle_step_up_auth() at app/controllers/omniauth_callbacks_controller.rb:428}","{Method handle_step_up_auth_for_namespace() at app/controllers/omniauth_callbacks_controller.rb:437}","11","3"
"e1ea85efae799292fd2ece0d1e47d20b9b5dab5b","RENAME","{Method step_up_auth_requested_for_admin_mode?(env) at lib/gitlab/auth/oidc/step_up_auth_before_request_phase.rb:33}","{Method requested_scope_admin_mode?(scope) at lib/gitlab/auth/oidc/step_up_auth_before_request_phase.rb:46}","4","3"
"e1ea85efae799292fd2ece0d1e47d20b9b5dab5b","MOVE_RENAME","{Method sync_helm_metadata_caches(user) at app/models/packages/helm/package.rb:11}","{Method execute() at app/services/packages/helm/bulk_sync_helm_metadata_cache_service.rb:11}","12","15"
"337865c2cbd72899033775dcc49a67fa764c6fec","CHANGE_SIGNATURE","{Method enqueue_partitioning_data_migration(table_name, migration) at lib/gitlab/database/partitioning_migration_helpers/table_management_helpers.rb:225}","{Method enqueue_partitioning_data_migration(table_name, migration, batch_min_value) at lib/gitlab/database/partitioning_migration_helpers/table_management_helpers.rb:225}","18","27"
"65c9ff918ae52a43f4047a11835bdb6c07cdaa08"
"35017fc67006097d131af977ee01beef246e7f0e"
"04cb2422001687bc131e99467e6fcdd64c5f0ba7"
"fd193ebc6667ccd3a562eb542b0419755a70df81"
"a952b4cc94d45c25bf183770e76c94adf1fb1a81"
"c05bf711ca43df49ba7cb433fe0835b6735074c3"
"a32d6481d3aa81cbfd00064f342eb78f2d6c8389"
"58f77b3adb141dab8071cf90a14af4c45e656f69"
"4b48d9d8065b264a97aef15e639945c0734eac43","RENAME","{Method add_member_role_error() at app/services/members/creator_service.rb:268}","{Method add_authorization_error() at app/services/members/creator_service.rb:268}","5","5"
"4b48d9d8065b264a97aef15e639945c0734eac43","RENAME","{Method member_role_too_high?() at app/services/members/creator_service.rb:199}","{Method role_too_high?() at app/services/members/creator_service.rb:199}","6","6"
"72f281351db40268e533400f0e9ae1099d77c0ed"
"f4a4f7ff0ef3af9764a967682f146a22aaed4cfe","EXTRACT_MOVE","{Method down() at db/migrate/20250923075101_add_projects_parent_fk_to_merge_requests_merge_data.rb:17}","{Method down() at db/post_migrate/20251003145209_add_projects_parent_fk_to_merge_requests_merge_data_with_reverse_lock_order.rb:23}","7","7"
"f4a4f7ff0ef3af9764a967682f146a22aaed4cfe","EXTRACT_MOVE","{Method down() at db/migrate/20250923075102_add_users_parent_fk_to_merge_requests_merge_data.rb:17}","{Method down() at db/post_migrate/20251003145210_add_users_parent_fk_to_merge_requests_merge_data_with_reverse_lock_order.rb:23}","7","7"
"f4a4f7ff0ef3af9764a967682f146a22aaed4cfe","EXTRACT_MOVE","{Method up() at db/migrate/20250923075101_add_projects_parent_fk_to_merge_requests_merge_data.rb:11}","{Method up() at db/post_migrate/20251003145209_add_projects_parent_fk_to_merge_requests_merge_data_with_reverse_lock_order.rb:11}","5","11"
"f4a4f7ff0ef3af9764a967682f146a22aaed4cfe","EXTRACT_MOVE","{Method up() at db/migrate/20250923075100_add_merge_requests_parent_fk_to_merge_requests_merge_data.rb:11}","{Method up() at db/post_migrate/20251003145208_add_merge_requests_parent_fk_to_merge_requests_merge_data_with_reverse_lock_order.rb:11}","5","11"
"f4a4f7ff0ef3af9764a967682f146a22aaed4cfe","EXTRACT_MOVE","{Method up() at db/migrate/20250923075100_add_merge_requests_parent_fk_to_merge_requests_merge_data.rb:11}","{Method up() at db/post_migrate/20251003145209_add_projects_parent_fk_to_merge_requests_merge_data_with_reverse_lock_order.rb:11}","5","11"
"f4a4f7ff0ef3af9764a967682f146a22aaed4cfe","EXTRACT_MOVE","{Method up() at db/migrate/20250923075101_add_projects_parent_fk_to_merge_requests_merge_data.rb:11}","{Method up() at db/post_migrate/20251003145208_add_merge_requests_parent_fk_to_merge_requests_merge_data_with_reverse_lock_order.rb:11}","5","11"
"f4a4f7ff0ef3af9764a967682f146a22aaed4cfe","EXTRACT_MOVE","{Method down() at db/migrate/20250923075100_add_merge_requests_parent_fk_to_merge_requests_merge_data.rb:17}","{Method down() at db/post_migrate/20251003145208_add_merge_requests_parent_fk_to_merge_requests_merge_data_with_reverse_lock_order.rb:23}","7","7"
"f4a4f7ff0ef3af9764a967682f146a22aaed4cfe","EXTRACT_MOVE","{Method up() at db/migrate/20250923075102_add_users_parent_fk_to_merge_requests_merge_data.rb:11}","{Method up() at db/post_migrate/20251003145210_add_users_parent_fk_to_merge_requests_merge_data_with_reverse_lock_order.rb:11}","5","11"
"89c96fd346345bf0fd6cfd772f6f9b42b5180fff","CHANGE_SIGNATURE","{Method execute(hook_params, relation) at app/services/web_hooks/create_service.rb:11}","{Method execute(hook_params, relation, organization) at app/services/web_hooks/create_service.rb:11}","13","15"
"5645650b0440ec6f9d468b5853f4cb5bd0765cdf","MOVE","{Method calculate_query_complexity(query_string) at spec/requests/api/graphql/snippets_spec.rb:137}","{Method calculate_query_complexity(query_string) at spec/support/helpers/graphql_helpers.rb:912}","5","5"
"befeccf4aaff2f09b55209bc1335d23d1092ba30","CHANGE_SIGNATURE","{Method execute(note) at app/services/notes/destroy_service.rb:5}","{Method execute(note, old_note_body) at app/services/notes/destroy_service.rb:5}","11","11"
"d8c05f4273218026a79bb13df9c03af015e9dd56"
"90351e70df91f30441c6d4d85ba68e2a085e6d38"
"c73bc1e0e53f9df4244e570c10717dd6ca5a2efd"
"49e21d0cf2b317c9af57ec887346237ae54eefb2","CHANGE_SIGNATURE","{Method check_rate_limit!(key, scope, user, **options) at lib/api/helpers/rate_limiter.rb:12}","{Method check_rate_limit!(key, scope, user, message, **options) at lib/api/helpers/rate_limiter.rb:12}","14","11"
"61622be23b08073e0d86d572ef085bc47201d364","EXTRACT","{Method valid_assignee?() at app/services/import/source_users/reassign_service.rb:102}","{Method valid_human_assignee?() at app/services/import/source_users/reassign_service.rb:117}","9","9"
"61622be23b08073e0d86d572ef085bc47201d364","MOVE","{Method create_placeholder_reference(source_user, object, user_column, composite_key) at spec/services/import/reassign_placeholder_user_records_service_spec.rb:872}","{Method create_placeholder_reference(source_user, object, user_column, composite_key) at spec/support/shared_contexts/services/import/reassign_placeholder_shared_context.rb:124}","12","12"
"d81fb1cd0d0d508549c967b6373695cb57dfc703","EXTRACT","{Method satisfied_by?(pipeline, context) at lib/gitlab/ci/build/rules/rule/clause/changes.rb:13}","{Method comparison_key(pipeline, globs, comparison_sha) at lib/gitlab/ci/build/rules/rule/clause/changes.rb:52}","22","10"
"8378a6cb25874617f70a5b8022c118155e75911a"
"a5befce044e46079bd1667ec1e825426b502a7c0"
"cdb43b5683878b62d5315c3565bbbc7e8f3cafc5","MOVE","{Method by_search(items) at app/finders/organizations/user_organizations_finder.rb:30}","{Method by_search(items) at app/finders/organizations/organizations_finder.rb:32}","3","5"
"cdb43b5683878b62d5315c3565bbbc7e8f3cafc5","EXTRACT_MOVE","{Method down() at db/post_migrate/20250923055716_add_partitioned_fk_to_project_daily_statistics_project_id.rb:18}","{Method down() at db/post_migrate/20250930114111_add_partitioned_fk_to_project_daily_statistics_project_id_with_reverse_lock_order.rb:19}","9","10"
"cdb43b5683878b62d5315c3565bbbc7e8f3cafc5","RENAME","{Method organizations() at app/finders/organizations/user_organizations_finder.rb:22}","{Method base_scope() at app/finders/organizations/user_organizations_finder.rb:22}","3","3"
"cdb43b5683878b62d5315c3565bbbc7e8f3cafc5","EXTRACT_MOVE","{Method up() at db/post_migrate/20250923055716_add_partitioned_fk_to_project_daily_statistics_project_id.rb:9}","{Method up() at db/post_migrate/20250930114111_add_partitioned_fk_to_project_daily_statistics_project_id_with_reverse_lock_order.rb:9}","8","9"
"bd1bda89e8f9e44c571f51b86ce87413f5b1d3d0"
"fe6713eeafbdaca4f5a74f50944915e91123a2e7","MOVE","{Method runner_build_ack_queue_key_ttl() at spec/models/ci/build_two_phase_commit_spec.rb:441}","{Method runner_build_ack_queue_key_ttl() at spec/lib/gitlab/ci/build/runner_ack_queue_spec.rb:295}","3","3"
"fe6713eeafbdaca4f5a74f50944915e91123a2e7","MOVE","{Method heartbeat_runner_ack_wait(runner_manager_id) at app/models/ci/build.rb:1264}","{Method heartbeat_runner_ack_wait(runner_manager_id) at lib/gitlab/ci/build/runner_ack_queue.rb:29}","8","8"
"fe6713eeafbdaca4f5a74f50944915e91123a2e7","MOVE","{Method set_waiting_for_runner_ack(runner_manager_id) at app/models/ci/build.rb:1253}","{Method set_waiting_for_runner_ack(runner_manager_id) at lib/gitlab/ci/build/runner_ack_queue.rb:18}","8","8"
"fe6713eeafbdaca4f5a74f50944915e91123a2e7","MOVE","{Method with_redis(&block) at app/models/ci/build.rb:1444}","{Method with_redis(&block) at lib/gitlab/ci/build/runner_ack_queue.rb:58}","4","4"
"fe6713eeafbdaca4f5a74f50944915e91123a2e7","MOVE_RENAME","{Method runner_build_ack_queue_key() at app/models/ci/build.rb:1449}","{Method redis_key() at lib/gitlab/ci/build/runner_ack_queue.rb:50}","3","3"
"fe6713eeafbdaca4f5a74f50944915e91123a2e7","MOVE","{Method cancel_wait_for_runner_ack() at app/models/ci/build.rb:1275}","{Method cancel_wait_for_runner_ack() at lib/gitlab/ci/build/runner_ack_queue.rb:40}","5","5"
"fe6713eeafbdaca4f5a74f50944915e91123a2e7","MOVE","{Method runner_manager_id_waiting_for_ack() at app/models/ci/build.rb:1281}","{Method runner_manager_id_waiting_for_ack() at lib/gitlab/ci/build/runner_ack_queue.rb:46}","3","3"
"b89f37bafa9c6d5aac3145abd0558532be1e3262","RENAME","{Method update_component_counts() at app/services/ci/catalog/resources/aggregate_last30_day_usage_service.rb:19}","{Method update_component_usage_counts() at app/services/ci/catalog/resources/aggregate_last30_day_usage_service.rb:19}","13","14"
"b89f37bafa9c6d5aac3145abd0558532be1e3262","EXTRACT_MOVE","{Method up() at db/post_migrate/20250915214241_reintroduce_sharding_key_not_null_constraint_not_valid_on_notes.rb:7}","{Method up() at db/migrate/20251001171724_drop_multi_parent_constraint_on_notes.rb:7}","8","3"
"b89f37bafa9c6d5aac3145abd0558532be1e3262","RENAME","{Method update_resource_counts() at app/services/ci/catalog/resources/aggregate_last30_day_usage_service.rb:33}","{Method update_resource_usage_counts() at app/services/ci/catalog/resources/aggregate_last30_day_usage_service.rb:34}","15","15"
"2d07b4ea7f54330b5b43dd88a3b3418321fc41fe","CHANGE_SIGNATURE","{Method authorize_artifacts_with_token_in_headers(params, request_headers) at spec/requests/api/ci/runner/jobs_artifacts_spec.rb:267}","{Method authorize_artifacts_with_token_in_headers(params, request_headers, target_job) at spec/requests/api/ci/runner/jobs_artifacts_spec.rb:288}","3","3"
"2d07b4ea7f54330b5b43dd88a3b3418321fc41fe","CHANGE_SIGNATURE","{Method authorize_artifacts(params, request_headers) at spec/requests/api/ci/runner/jobs_artifacts_spec.rb:258}","{Method authorize_artifacts(params, request_headers, target_job) at spec/requests/api/ci/runner/jobs_artifacts_spec.rb:279}","3","3"
"2d07b4ea7f54330b5b43dd88a3b3418321fc41fe","CHANGE_SIGNATURE","{Method upload_artifacts(file, headers, params) at spec/requests/api/ci/runner/jobs_artifacts_spec.rb:890}","{Method upload_artifacts(file, headers, params, target_job) at spec/requests/api/ci/runner/jobs_artifacts_spec.rb:934}","10","10"
"2d07b4ea7f54330b5b43dd88a3b3418321fc41fe","CHANGE_SIGNATURE","{Method authorize_artifacts_with_token_in_params(params, request_headers) at spec/requests/api/ci/runner/jobs_artifacts_spec.rb:262}","{Method authorize_artifacts_with_token_in_params(params, request_headers, target_job) at spec/requests/api/ci/runner/jobs_artifacts_spec.rb:283}","4","4"
"2d07b4ea7f54330b5b43dd88a3b3418321fc41fe","CHANGE_SIGNATURE","{Method check_rate_limit!(key, scope, **options) at lib/api/helpers/rate_limiter.rb:12}","{Method check_rate_limit!(key, scope, user, **options) at lib/api/helpers/rate_limiter.rb:12}","14","14"
"2d07b4ea7f54330b5b43dd88a3b3418321fc41fe","CHANGE_SIGNATURE","{Method invoke() at lib/api/mcp/handlers/list_tools.rb:12}","{Method invoke(current_user) at lib/api/mcp/handlers/list_tools.rb:12}","11","15"
"c1533bebac69016ee2f7457c0b67ef365ba15ec1"
"16c0a4cd8e1cb5cb0ad06c13e8a1db77466c894a","EXTRACT","{Method read_code?() at app/graphql/resolvers/blame_resolver.rb:40}","{Method project() at app/graphql/resolvers/blame_resolver.rb:68}","3","3"
"3692d8d13090a174952452c03e707c6ed9ccc1c9","EXTRACT","{Method capture_git_error(action, response_on_error, &block) at app/models/wiki.rb:444}","{Method track_error(error, action) at app/models/wiki.rb:463}","14","5"
"8928dd34dafbb13cf44ee1e29bb37c83a79bbd9f"
"891aba71e7fc23b0beaec63b3c75ccf661927e78"
"a9d18fb73bfd72b8ec92a1f0ba4dc3366a1bdd66"
"f1e39e252900c95ec4fbb4b4ab479778e92183f9"
"c263365ae74654a2384fc190660ed425a0bc3ad3"
"9e588129ec375695f09c242be5ecb4edf8f5d960","CHANGE_SIGNATURE","{Method verify_search_scope!(resource) at lib/api/search.rb:124}","{Method verify_search_scope!(_) at lib/api/search.rb:124}","3","3"
"1ae2554f921f013130954c542f16705d4546a3fa","MOVE_RENAME","{Method target_projects() at app/controllers/projects/merge_requests/creations_controller.rb:115}","{Method target_projects_json() at app/controllers/projects/compare_controller.rb:100}","3","3"
"1ae2554f921f013130954c542f16705d4546a3fa","MOVE","{Method get_target_projects() at app/controllers/projects/merge_requests/creations_controller.rb:125}","{Method get_target_projects() at app/models/concerns/projects/target_projects.rb:7}","5","6"
"974d341b75a8b76e89ddd4af8a490c2dc936e7f3","CHANGE_SIGNATURE","{Method initialize(pipeline, jobs, definitions) at lib/gitlab/ci/job_definitions/find_or_create.rb:9}","{Method initialize(pipeline, definitions) at lib/gitlab/ci/job_definitions/find_or_create.rb:9}","6","5"
"45a1704c9c72aa3dd1f4d07d4c02974fc94e2002"
"9b40094cbba61e83f615c7e38c3267e48fe11668"
"a959287a6a9acd0f3f89799e58ec780449692678"
"b854c8e1479e9096d91ebe6e43e0eb5f8b48c84e","RENAME","{Method trigger_job_create_subscription() at app/models/ci/build.rb:468}","{Method trigger_job_processed_subscription() at app/models/ci/build.rb:468}","10","10"
"b854c8e1479e9096d91ebe6e43e0eb5f8b48c84e","CHANGE_SIGNATURE","{Method create_push_event(project, user) at spec/models/event_spec.rb:1367}","{Method create_push_event(project, user, imported_from) at spec/models/event_spec.rb:1377}","13","13"
"b854c8e1479e9096d91ebe6e43e0eb5f8b48c84e","MOVE","{Method authorized?(project_id) at app/graphql/subscriptions/ci/jobs/job_created.rb:16}","{Method authorized?(project_id, **_kwargs) at app/graphql/subscriptions/ci/jobs/job_processed.rb:21}","8","8"
"b854c8e1479e9096d91ebe6e43e0eb5f8b48c84e","RENAME","{Method ci_job_created(job) at app/graphql/graphql_triggers.rb:4}","{Method ci_job_processed(job) at app/graphql/graphql_triggers.rb:4}","5","5"
"6686d01b813582e3085575681c543e105cc7910a","RENAME","{Method has_media_extension?(element) at lib/banzai/filter/playable_link_filter.rb:33}","{Method has_allowed_media?(element) at lib/banzai/filter/playable_link_filter.rb:33}","8","8"
"6686d01b813582e3085575681c543e105cc7910a","CHANGE_SIGNATURE","{Method merge_request_diff_for(diff_refs_or_sha) at app/models/merge_request.rb:1366}","{Method merge_request_diff_for(diff_refs_or_sha, order_by) at app/models/merge_request.rb:1362}","16","16"
"b19b46b61238767c3d5f79ae250330e12a092ea0","EXTRACT","{Method create_dates_source_from_current_dates() at app/models/work_item.rb:252}","{Method date_source_attributes_from_current_dates() at app/models/work_item.rb:256}","10","10"
"1b86911e6bcbaea22ce873ea58fb1a3e2a8c6455"
"9f3b261bab031d711359643cb6387442ccc73642","MOVE","{Method find_or_create_by_namespace!(namespace) at app/models/ci/catalog/verified_namespace.rb:26}","{Method find_or_create_by_namespace!(namespace) at app/models/namespaces/verified_namespace.rb:25}","3","3"
"9f3b261bab031d711359643cb6387442ccc73642","MOVE","{Method for_project(project) at app/models/ci/catalog/verified_namespace.rb:22}","{Method for_project(project) at app/models/namespaces/verified_namespace.rb:21}","3","3"
"9f3b261bab031d711359643cb6387442ccc73642","CHANGE_SIGNATURE","{Method authorize_artifacts(params, request_headers, target_job) at spec/requests/api/ci/runner/jobs_artifacts_spec.rb:291}","{Method authorize_artifacts(params, request_headers) at spec/requests/api/ci/runner/jobs_artifacts_spec.rb:258}","3","3"
"9f3b261bab031d711359643cb6387442ccc73642","CHANGE_SIGNATURE","{Method authorize_artifacts_with_token_in_params(params, request_headers, target_job) at spec/requests/api/ci/runner/jobs_artifacts_spec.rb:295}","{Method authorize_artifacts_with_token_in_params(params, request_headers) at spec/requests/api/ci/runner/jobs_artifacts_spec.rb:262}","4","4"
"9f3b261bab031d711359643cb6387442ccc73642","CHANGE_SIGNATURE","{Method upload_artifacts(file, headers, params, target_job) at spec/requests/api/ci/runner/jobs_artifacts_spec.rb:958}","{Method upload_artifacts(file, headers, params) at spec/requests/api/ci/runner/jobs_artifacts_spec.rb:890}","10","10"
"9f3b261bab031d711359643cb6387442ccc73642","CHANGE_SIGNATURE","{Method authorize_artifacts_with_token_in_headers(params, request_headers, target_job) at spec/requests/api/ci/runner/jobs_artifacts_spec.rb:300}","{Method authorize_artifacts_with_token_in_headers(params, request_headers) at spec/requests/api/ci/runner/jobs_artifacts_spec.rb:267}","3","3"
"cfa88d343ba8af6d78f1392737860035701b5e43"
"e7cbffedeacd6c9e5ab9ab6bcb0490bdb568e049"
"f2a39795b2974e0cd663a5a7fec426ba7aab2212"
"38900d2be64cebd7e7ac7063bf11d9d2d2d63ffc"
"ab13cd6f304b5f9c524b8063b07e884190a2d1c2"
"e95f00afe72013281a84f63fc0e89d3a532c2738"
"4d21b84a36fa3ef4cb50fe04846570a8d4da3d8a","MOVE","{Method post_received(base, refs) at spec/services/git/wiki_push_service_spec.rb:341}","{Method post_received(base, refs) at spec/support/shared_examples/services/git/wiki_push_service_shared_examples.rb:342}","7","7"
"4d21b84a36fa3ef4cb50fe04846570a8d4da3d8a","MOVE","{Method run_service() at spec/services/git/wiki_push_service_spec.rb:177}","{Method run_service() at spec/support/shared_examples/services/git/wiki_push_service_shared_examples.rb:178}","3","3"
"4d21b84a36fa3ef4cb50fe04846570a8d4da3d8a","MOVE","{Method run_service() at spec/services/git/wiki_push_service_spec.rb:76}","{Method run_service() at spec/support/shared_examples/services/git/wiki_push_service_shared_examples.rb:77}","11","11"
"4d21b84a36fa3ef4cb50fe04846570a8d4da3d8a","MOVE","{Method create_service(base, refs) at spec/services/git/wiki_push_service_spec.rb:336}","{Method create_service(base, refs) at spec/support/shared_examples/services/git/wiki_push_service_shared_examples.rb:337}","4","4"
"4d21b84a36fa3ef4cb50fe04846570a8d4da3d8a","CHANGE_SIGNATURE","{Method authorize_artifacts_with_token_in_params(params, request_headers) at spec/requests/api/ci/runner/jobs_artifacts_spec.rb:262}","{Method authorize_artifacts_with_token_in_params(params, request_headers, target_job) at spec/requests/api/ci/runner/jobs_artifacts_spec.rb:295}","4","4"
"4d21b84a36fa3ef4cb50fe04846570a8d4da3d8a","MOVE","{Method delete_page(page) at spec/services/git/wiki_push_service_spec.rb:390}","{Method delete_page(page) at spec/support/shared_examples/services/git/wiki_push_service_shared_examples.rb:391}","3","3"
"4d21b84a36fa3ef4cb50fe04846570a8d4da3d8a","MOVE","{Method process_changes(&block) at spec/services/git/wiki_push_service_spec.rb:330}","{Method process_changes() at spec/support/shared_examples/services/git/wiki_push_service_shared_examples.rb:331}","5","5"
"4d21b84a36fa3ef4cb50fe04846570a8d4da3d8a","MOVE","{Method run_service() at spec/services/git/wiki_push_service_spec.rb:224}","{Method run_service() at spec/support/shared_examples/services/git/wiki_push_service_shared_examples.rb:225}","4","4"
"4d21b84a36fa3ef4cb50fe04846570a8d4da3d8a","MOVE","{Method run_service() at spec/services/git/wiki_push_service_spec.rb:126}","{Method run_service() at spec/support/shared_examples/services/git/wiki_push_service_shared_examples.rb:127}","6","6"
"4d21b84a36fa3ef4cb50fe04846570a8d4da3d8a","CHANGE_SIGNATURE","{Method authorize_artifacts(params, request_headers) at spec/requests/api/ci/runner/jobs_artifacts_spec.rb:258}","{Method authorize_artifacts(params, request_headers, target_job) at spec/requests/api/ci/runner/jobs_artifacts_spec.rb:291}","3","3"
"4d21b84a36fa3ef4cb50fe04846570a8d4da3d8a","MOVE","{Method commit_details() at spec/services/git/wiki_push_service_spec.rb:394}","{Method commit_details() at spec/support/shared_examples/services/git/wiki_push_service_shared_examples.rb:395}","8","8"
"4d21b84a36fa3ef4cb50fe04846570a8d4da3d8a","CHANGE_SIGNATURE","{Method objects(scope, page, per_page, without_count, preload_method) at lib/gitlab/search_results.rb:40}","{Method objects(scope, page, per_page, preload_method) at lib/gitlab/search_results.rb:40}","14","7"
"4d21b84a36fa3ef4cb50fe04846570a8d4da3d8a","MOVE","{Method run_service() at spec/services/git/wiki_push_service_spec.rb:145}","{Method run_service() at spec/support/shared_examples/services/git/wiki_push_service_shared_examples.rb:146}","6","6"
"4d21b84a36fa3ef4cb50fe04846570a8d4da3d8a","CHANGE_SIGNATURE","{Method authorize_artifacts_with_token_in_headers(params, request_headers) at spec/requests/api/ci/runner/jobs_artifacts_spec.rb:267}","{Method authorize_artifacts_with_token_in_headers(params, request_headers, target_job) at spec/requests/api/ci/runner/jobs_artifacts_spec.rb:300}","3","3"
"4d21b84a36fa3ef4cb50fe04846570a8d4da3d8a","MOVE","{Method write_non_page() at spec/services/git/wiki_push_service_spec.rb:369}","{Method write_non_page() at spec/support/shared_examples/services/git/wiki_push_service_shared_examples.rb:370}","8","8"
"4d21b84a36fa3ef4cb50fe04846570a8d4da3d8a","MOVE","{Method run_service() at spec/services/git/wiki_push_service_spec.rb:200}","{Method run_service() at spec/support/shared_examples/services/git/wiki_push_service_shared_examples.rb:201}","4","4"
"4d21b84a36fa3ef4cb50fe04846570a8d4da3d8a","CHANGE_SIGNATURE","{Method upload_artifacts(file, headers, params) at spec/requests/api/ci/runner/jobs_artifacts_spec.rb:890}","{Method upload_artifacts(file, headers, params, target_job) at spec/requests/api/ci/runner/jobs_artifacts_spec.rb:958}","10","10"
"4d21b84a36fa3ef4cb50fe04846570a8d4da3d8a","MOVE","{Method write_new_page() at spec/services/git/wiki_push_service_spec.rb:357}","{Method write_new_page() at spec/support/shared_examples/services/git/wiki_push_service_shared_examples.rb:358}","8","8"
"4d21b84a36fa3ef4cb50fe04846570a8d4da3d8a","MOVE","{Method run_service() at spec/services/git/wiki_push_service_spec.rb:95}","{Method run_service() at spec/support/shared_examples/services/git/wiki_push_service_shared_examples.rb:96}","6","6"
"4d21b84a36fa3ef4cb50fe04846570a8d4da3d8a","MOVE","{Method current_sha() at spec/services/git/wiki_push_service_spec.rb:349}","{Method current_sha() at spec/support/shared_examples/services/git/wiki_push_service_shared_examples.rb:350}","3","3"
"4d21b84a36fa3ef4cb50fe04846570a8d4da3d8a","MOVE","{Method update_page(title, new_title) at spec/services/git/wiki_push_service_spec.rb:378}","{Method update_page(title, new_title) at spec/support/shared_examples/services/git/wiki_push_service_shared_examples.rb:379}","11","11"
"4d21b84a36fa3ef4cb50fe04846570a8d4da3d8a","MOVE","{Method run_service() at spec/services/git/wiki_push_service_spec.rb:52}","{Method run_service() at spec/support/shared_examples/services/git/wiki_push_service_shared_examples.rb:53}","10","10"
"4d21b84a36fa3ef4cb50fe04846570a8d4da3d8a","MOVE","{Method run_service() at spec/services/git/wiki_push_service_spec.rb:29}","{Method run_service() at spec/support/shared_examples/services/git/wiki_push_service_shared_examples.rb:30}","3","3"
"a51917aac287dee05d7737834a2f82060492e622","EXTRACT","{Method build_rate_aggregate(status) at lib/click_house/finders/ci/finished_builds_finder.rb:171}","{Method round(node, precision) at lib/click_house/finders/ci/finished_builds_finder.rb:173}","24","3"
"25b431b4133bbe91aa5c3ff012904d88f06520e8","CHANGE_SIGNATURE","{Method initialize(config, args, variables) at lib/gitlab/ci/config/interpolation/interpolator.rb:13}","{Method initialize(config, args, yaml_context) at lib/gitlab/ci/config/interpolation/interpolator.rb:13}","7","7"
"25b431b4133bbe91aa5c3ff012904d88f06520e8","CHANGE_SIGNATURE","{Method add_branch(user, branch_name, ref, expire_cache, skip_ci) at app/models/repository.rb:275}","{Method add_branch(user, branch_name, ref, expire_cache, skip_ci, raise_on_invalid_ref) at app/models/repository.rb:275}","9","11"
"25b431b4133bbe91aa5c3ff012904d88f06520e8","MOVE","{Method skip_config_hash_validation?() at lib/gitlab/ci/config/entry/include.rb:60}","{Method skip_config_hash_validation?() at lib/gitlab/ci/config/entry/concerns/base_include.rb:57}","3","3"
"25b431b4133bbe91aa5c3ff012904d88f06520e8","RENAME","{Method inputs_value() at lib/gitlab/ci/config/header/root.rb:29}","{Method spec_inputs_value() at lib/gitlab/ci/config/header/root.rb:29}","3","3"
"38bfcb591b313dc206403bf14fea2d478e64d83e"
"9d1a401dc5826709e1a179669b74dccd33f4e197"
"c7758b9d52fd64ae97d2e91a9c049b7335a822b6","MOVE_RENAME","{Method fetch_token_user_info() at qa/qa/tools/delete_user_groups.rb:93}","{Method fetch_token_user(token_name, client) at qa/qa/tools/delete_resource_base.rb:145}","23","21"
"c7758b9d52fd64ae97d2e91a9c049b7335a822b6","CHANGE_SIGNATURE","{Method fetch_resources(api_path) at qa/qa/tools/delete_resource_base.rb:110}","{Method fetch_resources(api_path, client) at qa/qa/tools/delete_resource_base.rb:108}","31","31"
"8473e32e1b3ddf54b4eaea3dba2d5d4131e706ab","MOVE","{Method cannot_manage_owners?(source, current_user) at app/services/members/groups/creator_service.rb:7}","{Method cannot_manage_owners?(source, current_user) at app/services/members/creator_service.rb:8}","3","3"
"5b94188a29ec774c96099dbb1990712136386b2a"
"dee08135250193fda779aa2b4f7bdbbb037b221d"
"7805f7103b38646e5e978e8f4092973f44870238"
"8d8c631aa17594c05137401a37da775222394d2c"
"8ab10354527ceef0f81b8f130f307049643de525","CHANGE_SIGNATURE","{Method perform(oauth_token, arguments) at app/services/mcp/tools/get_issue_service.rb:37}","{Method perform(arguments) at app/services/mcp/tools/get_issue_service.rb:37}","6","6"
"8ab10354527ceef0f81b8f130f307049643de525","CHANGE_SIGNATURE","{Method perform(_access_token, _arguments, _query) at app/services/mcp/tools/base_service.rb:29}","{Method perform(_arguments, _query) at app/services/mcp/tools/base_service.rb:34}","3","3"
"8ab10354527ceef0f81b8f130f307049643de525","CHANGE_SIGNATURE","{Method perform(oauth_token, arguments, query) at app/services/mcp/tools/get_merge_request_commits_service.rb:38}","{Method perform(arguments, query) at app/services/mcp/tools/get_merge_request_commits_service.rb:38}","8","8"
"8ab10354527ceef0f81b8f130f307049643de525","CHANGE_SIGNATURE","{Method perform(_access_token, _arguments, _query) at app/services/mcp/tools/get_server_version_service.rb:26}","{Method perform(_arguments) at app/services/mcp/tools/get_server_version_service.rb:25}","5","5"
"8ab10354527ceef0f81b8f130f307049643de525","CHANGE_SIGNATURE","{Method perform(oauth_token, arguments, _query) at app/services/mcp/tools/get_merge_request_service.rb:37}","{Method perform(arguments, _query) at app/services/mcp/tools/get_merge_request_service.rb:37}","6","6"
"8ab10354527ceef0f81b8f130f307049643de525","CHANGE_SIGNATURE","{Method perform(_access_token, arguments, _query) at spec/services/mcp/tools/base_service_spec.rb:28}","{Method perform(arguments, _query) at spec/services/mcp/tools/base_service_spec.rb:28}","6","6"
"8ab10354527ceef0f81b8f130f307049643de525","CHANGE_SIGNATURE","{Method initialize(params) at lib/api/mcp/handlers/base.rb:9}","{Method initialize(params, access_token, current_user) at lib/api/mcp/handlers/base.rb:16}","3","5"
"8ab10354527ceef0f81b8f130f307049643de525","CHANGE_SIGNATURE","{Method perform(oauth_token, arguments) at spec/services/mcp/tools/api_service_spec.rb:50}","{Method perform(arguments) at spec/services/mcp/tools/api_service_spec.rb:50}","3","3"
"8ab10354527ceef0f81b8f130f307049643de525","CHANGE_SIGNATURE","{Method perform(oauth_token, arguments) at spec/services/mcp/tools/api_service_spec.rb:302}","{Method perform(arguments) at spec/services/mcp/tools/api_service_spec.rb:374}","5","5"
"8ab10354527ceef0f81b8f130f307049643de525","CHANGE_SIGNATURE","{Method execute(access_token, arguments) at app/services/mcp/tools/base_service.rb:10}","{Method execute(request, params) at app/services/mcp/tools/base_service.rb:14}","8","9"
"8ab10354527ceef0f81b8f130f307049643de525","CHANGE_SIGNATURE","{Method perform(oauth_token, arguments) at spec/services/mcp/tools/api_service_spec.rb:123}","{Method perform(arguments) at spec/services/mcp/tools/api_service_spec.rb:124}","4","4"
"8ab10354527ceef0f81b8f130f307049643de525","CHANGE_SIGNATURE","{Method perform(oauth_token, arguments, query) at app/services/mcp/tools/get_merge_request_changes_service.rb:38}","{Method perform(arguments, query) at app/services/mcp/tools/get_merge_request_changes_service.rb:38}","8","8"
"8ab10354527ceef0f81b8f130f307049643de525","CHANGE_SIGNATURE","{Method perform(oauth_token, arguments, _query) at app/services/mcp/tools/create_issue_service.rb:69}","{Method perform(arguments, _query) at app/services/mcp/tools/create_issue_service.rb:69}","7","7"
"8ab10354527ceef0f81b8f130f307049643de525","CHANGE_SIGNATURE","{Method perform(oauth_token, arguments, query) at app/services/mcp/tools/get_merge_request_pipelines_service.rb:38}","{Method perform(arguments, query) at app/services/mcp/tools/get_merge_request_pipelines_service.rb:38}","8","8"
"8ab10354527ceef0f81b8f130f307049643de525","CHANGE_SIGNATURE","{Method perform(oauth_token, arguments, query) at app/services/mcp/tools/get_pipeline_jobs_service.rb:38}","{Method perform(arguments, query) at app/services/mcp/tools/get_pipeline_jobs_service.rb:38}","8","8"
"07bfdf9b4a17ea868daf9fbccfd288e5b1ce1755"
"2c4bde79a1d301f7e981d7195da5ac5e3a09cd49"
"57761017c911a08b3a67eddb947ee6b1a66b66c3"
"1061e1ce8c3c4a3962c9638caf84eb6da49a49b8"
"036fdcf7c8a80ed3f2d5d773bb62ca6f43f9862d"
"f86e67692d730ced587b3f42b784c93cbdfc0375","EXTRACT","{Method lookup_paths() at app/models/pages/virtual_domain.rb:20}","{Method root_namespace_id() at app/models/pages/virtual_domain.rb:20}","4","3"
"c8098af8718255bf2423ccb7b198b89d13826ae0"
"38868c56e90fbefc73309a75841e9e9d6bc32463"
"3cec6e52faefc45c44a290d3690d36d30f4fc9ba"
"4992493d5883afd004dc9dd0a377046b5de379cc"
"ced95df75a06c5276adb1ba6422dd17fd4d51e2e","CHANGE_SIGNATURE","{Method user_with_password_for_git(login, password) at lib/gitlab/auth.rb:258}","{Method user_with_password_for_git(login, password, request) at lib/gitlab/auth.rb:253}","25","25"
"05c3e383ca7d16b238d406dfa069b3f86f98303f"
"80e3e06ecbf882be4c5fd9e945d3983641b91dc6"
